0.000000027 0
0.134169330 0
0.268073933 0
0.312587445 78
0.393442494 0
0.396117110 1514
0.433312777 1604
0.453908988 1514
0.472168154 2040
0.553056856 0
0.564742251 1514
0.594331479 3028
0.597908687 4542
0.632947067 1855
0.674093873 1514
0.733750581 0
0.757224217 1514
0.757229104 2331
0.771361923 2405
0.816415016 1514
0.832899367 1514
0.874678760 1514
0.917138171 1514
0.956480934 1514
1.061465176 0
1.092735004 1514
1.104371086 3028
1.116258406 3028
1.242090379 0
1.255551335 1514
1.267194633 3028
1.279020113 4542
1.292166480 6056
1.292173851 6146
1.378496844 0
1.390532467 1514
1.402201497 3028
1.414422669 4542
1.422263295 5564
1.434044153 5564
1.445918136 5564
1.457761581 5564
1.460122483 7078
1.469531795 6146
1.481378796 6146
1.493229990 6146
1.505007576 6146
1.516819546 6056
1.528728388 6056
1.540543064 6056
1.552306252 6056
1.564199236 6056
1.576036845 6056
1.587815489 6056
1.599640593 6056
1.611512956 6056
1.623292550 6056
1.636376210 6056
1.648229694 6056
1.660075508 6056
1.671858276 6056
1.683746977 6056
1.695501293 6056
1.707326826 6056
1.719169053 6056
1.731051595 6056
1.742872630 6056
1.754635498 6056
1.766528964 6056
1.778323697 6056
1.790119662 6056
1.802013388 6056
1.813810989 6056
1.825618950 6056
1.837429677 4542
1.849324981 6056
1.861094521 6056
1.872936662 6056
1.884810491 6056
1.896638474 6056
1.908427169 6056
1.920232693 4542
1.932134413 6056
1.944191273 6056
1.955804474 6056
1.968494739 6056
1.980133127 6056
1.992653491 6056
2.004348745 4542
2.016966326 6056
2.028583079 6056
2.041195759 4542
2.052877449 6056
2.065367643 6056
2.076994717 4542
2.089682276 6056
2.101420845 6056
2.113647808 4542
2.125286799 6056
2.137896738 4542
2.149519481 6056
2.161937063 4542
2.173651230 4542
2.185964012 6056
2.197594469 4542
2.210270344 6056
2.221897231 6056
2.234287167 4542
2.245911446 6056
2.258353534 4542
2.269988303 6056
2.282328265 6056
2.293962671 6056
2.306370072 6056
2.318004938 6056
2.330671822 6056
2.342354933 4542
2.354843402 4542
2.366547535 6056
2.379080823 4542
2.390709711 6056
2.403323594 4542
2.415012462 6056
2.427558328 6056
2.439260929 6056
2.451609595 6056
2.463251970 6056
2.475920918 6056
2.487525237 4542
2.500076385 4542
2.511719613 6056
2.524316977 6056
2.536013313 6056
2.548543362 4542
2.560241899 6056
2.572861126 6056
2.584474570 4542
2.597030088 6056
2.608730445 6056
2.621133296 6056
2.632831714 6056
2.645315915 6056
2.656954571 6056
2.669343989 6056
2.680974429 6056
2.693647941 6056
2.705270902 4542
2.717867003 6056
2.729490875 4542
2.742119431 6056
2.753767736 4542
2.766308646 6056
2.777992304 6056
2.790532600 6056
2.802172632 6056
2.814643821 6056
2.826260125 6056
2.838809503 4542
2.850515128 6056
2.862928117 6056
2.874547072 6056
2.887168364 6056
2.898783716 6056
2.911330429 6056
2.923027791 4542
2.935634560 6056
2.947274485 6056
2.959882610 6056
2.971565783 6056
2.984058902 6056
2.995745903 6056
3.008291876 6056
3.019924332 6056
3.032516570 6056
3.044167636 6056
3.056838063 6056
3.068444416 6056
3.081015777 4542
3.092702422 6056
3.105240095 4542
3.116941420 6056
3.129469261 4542
3.141179591 6056
3.153708618 6056
3.165414401 6056
3.178018307 6056
3.189656085 6056
3.202236342 6056
3.213931409 6056
3.226427047 6056
3.238117760 6056
3.250728464 6056
3.262421654 6056
3.274900459 6056
3.286591408 4542
3.299203807 6056
3.310825300 6056
3.323441864 6056
3.335124284 6056
3.347614022 4542
3.350699613 4963
3.371927018 4963
3.383543577 4963
3.396165103 4963
3.407838504 4542
3.420403596 6056
3.432011192 6056
3.444632035 6056
3.456324712 6056
3.468600964 6056
3.480281193 6056
3.492654161 4542
3.499698405 6056
3.515193966 5349
3.551570136 2321
3.563250511 3028
3.594254051 3028
3.605946634 3028
3.617755726 3028
3.634299148 4542
3.646187487 4542
3.672851718 2336
3.712942462 1514
3.724575736 1514
3.736424962 3028
3.793910299 0
3.831546722 1481
3.843214722 1514
3.874938790 3028
3.911866527 1514
3.923504523 3028
3.930403348 3028
3.951973274 3905
3.963784045 5419
3.975493379 5419
4.074678855 0
4.111829344 1093
4.123463556 2607
4.151543598 3028
4.193106657 1514
4.204772378 1514
4.216626827 3028
4.217259217 4542
4.233414122 4630
4.245234149 4630
4.271956255 3028
4.283695191 4542
4.295406341 4542
4.311616954 4542
4.323248622 4542
4.335081402 4542
4.346902109 4542
4.358723000 6056
4.370572790 6056
4.382427488 6056
4.384908489 6056
4.396732006 6380
4.432099683 1838
4.443809009 3028
4.455635056 3028
4.467403305 4542
4.479289957 6056
4.491107711 6056
4.511783092 4542
4.528821998 4542
4.552216113 1908
4.564057712 1908
4.575731595 3422
4.591386170 4542
4.603097827 4542
4.614906618 6056
4.632396037 4542
4.644188557 4542
4.655918847 4542
4.667684847 4542
4.679577172 6056
4.691712497 6056
4.700794169 5723
4.715761447 4209
4.727382816 4209
4.752716538 3028
4.764408146 4542
4.776263800 3028
4.787999172 4542
4.799844589 6056
4.811655703 6056
4.831884276 4542
4.843590854 4542
4.855418864 4542
4.860685475 6056
4.872496370 5223
4.884319698 5223
4.896178873 5223
4.913492749 4542
4.952710357 1514
4.992965844 1514
5.004055654 1514
5.005098806 1584
5.016744993 3098
5.029131967 4612
5.033475443 5195
5.045381890 5195
5.071493702 3611
5.083183333 4542
5.095008253 4542
5.113078133 4542
5.124883514 4542
5.136610446 4542
5.152072176 4542
5.163746731 4542
5.175527672 4542
5.181947930 6056
5.196991121 5351
5.208681601 5351
5.232438178 3837
5.244132917 4542
5.255957691 4542
5.267723757 4542
5.279616516 6056
5.291456241 6056
5.303218978 6056
5.315053595 6056
5.326866261 6056
5.327516683 7570
5.333786108 6130
5.351442646 5420
5.363540481 5420
5.388073815 3028
5.391829857 3070
5.404029998 3070
5.415697220 3070
5.433387210 4584
5.445083734 4542
5.472359656 3028
5.484059523 4542
5.487780246 4542
5.511461948 3506
5.523164190 3506
5.552755205 3028
5.564464979 3028
5.576284972 3028
5.593130611 4542
5.605116953 4542
5.616801572 4542
5.631418226 4542
5.643119332 4542
5.654895065 4542
5.664806109 4542
5.676637595 5813
5.688526060 5813
5.711586963 4299
5.723229815 4542
5.735110518 4542
5.751690150 4542
5.763787201 4542
5.775460994 4542
5.787752813 4542
5.799381464 6056
5.811862979 6056
5.823490590 6056
5.835834425 6056
5.839129964 4978
5.859949855 4978
5.871579618 4978
5.883981961 4978
5.895619859 4542
5.908159346 6056
5.920395875 6056
5.932402489 6056
5.944017070 4542
5.956427477 4542
5.968126239 6056
5.980538360 6056
5.990204106 6056
6.002107478 5806
6.013950195 5806
6.025697412 5806
6.037513481 5806
6.049410156 6056
6.061200286 4542
6.073003007 4542
6.084893461 6056
6.096732769 6056
6.112241664 6056
6.123933254 4542
6.135693134 4542
6.139659702 6056
6.156113186 5043
6.167817352 5043
6.180177265 5043
6.191796046 4542
6.204467620 6056
6.216117943 6056
6.231936765 4542
6.243628254 4542
6.255470069 6056
6.273303057 4542
6.285396521 4542
6.297073702 4542
6.309363317 4542
6.320847349 6030
6.333489326 6030
6.345093625 4516
6.357450098 6030
6.369119747 6056
6.392183757 4542
6.403877452 4542
6.415696611 4542
6.427465510 4542
6.439349603 6056
6.451180518 6056
6.462963161 4542
6.474773664 6056
6.478754986 6056
6.488062724 6235
6.499901995 6235
6.511655916 4721
6.523508891 4721
6.535330742 6056
6.547137791 6056
6.559038010 6056
6.570862166 6056
6.582686490 6056
6.594454891 6056
6.606356060 6056
6.618184354 6056
6.629942807 6056
6.641829651 6056
6.653657760 6056
6.665428486 6056
6.677318181 6056
6.688079053 6056
6.699915855 5920
6.711680483 5920
6.723576883 5920
6.735389343 5920
6.747161066 6056
6.758997121 6056
6.770876363 6056
6.782714064 6056
6.794468193 6056
6.806374656 6056
6.818191829 6056
6.829955900 6056
6.841793011 4542
6.853671209 6056
6.865981219 6056
6.877603701 6056
6.890285755 6056
6.901959646 6056
6.914451517 6056
6.926085158 4542
6.938701169 6056
6.947938592 6056
6.962802948 5748
6.974487708 5748
6.986965720 5748
6.998589559 4542
7.011203536 4542
7.022837109 6056
7.035437096 4542
7.047140670 6056
7.059745317 6056
7.071366689 6056
7.083997236 4542
7.095672337 6056
7.107956202 4542
7.119589340 6056
7.132214433 6056
7.143839031 4542
7.156431163 4542
7.168071291 6056
7.180675758 4542
7.192299469 4542
7.204975057 6056
7.216656977 6056
7.229148402 4542
7.240839396 6056
7.253266495 6056
7.264887808 4542
7.277237043 6056
7.288937345 4542
7.301280366 6056
7.301905929 6160
7.313714981 6160
7.325563987 6160
7.337440064 6160
7.349552045 6056
7.361245279 6056
7.373657342 6056
7.385272055 6056
7.397906054 6056
7.409576573 6056
7.422278481 4542
7.433976022 6056
7.446707421 4542
7.458410972 6056
7.471018546 6056
7.482694741 6056
7.495257014 6056
7.506866950 6056
7.519425667 6056
7.531116438 6056
7.543664386 6056
7.555353074 6056
7.567969017 4542
7.579654149 6056
7.592200806 4542
7.603847184 4542
7.616396835 6056
7.628090801 4542
7.640622608 6056
7.652306462 6056
7.664845060 6056
7.666048852 7570
7.677948556 4721
7.689764799 6235
7.701597229 4721
7.713352993 6235
7.725261140 6056
7.737177099 6056
7.748859747 6056
7.761422589 4542
7.773114851 6056
7.785448434 6056
7.797129268 6056
7.809552310 6056
7.821235734 6056
7.834193845 6056
7.845875974 4542
7.858443347 6056
7.870079833 6056
7.882471552 6056
7.894091371 4542
7.906663354 6056
7.918355043 6056
7.930956557 4542
7.942643996 6056
7.955127692 6056
7.966825231 6056
7.979361560 4542
7.988591637 6056
8.003603045 5739
8.015302065 5739
8.027856887 5739
8.039475973 5739
8.073012345 3028
8.084632913 3028
8.127773752 1514
8.269832689 0
8.314802615 1072
8.412235998 0
8.513574452 0
8.525205371 1514
8.551345562 3028
8.554202399 3408
8.592770475 1894
8.604454422 3028
8.632887470 3028
8.673034927 1514
8.684827004 1514
8.693579145 3028
8.715285301 3517
8.754375913 1514
8.791349827 1514
8.803155345 1514
8.814861342 3028
8.829100633 4542
8.872084932 1478
8.951615552 0
8.963315106 1514
8.970317130 3028
8.993369066 3396
9.033810518 1514
9.045517122 1514
9.071904535 3028
9.083599858 3028
9.111180770 3028
9.114355143 3459
9.126236478 3459
9.153541763 3459
9.165234040 4542
9.192441048 3028
9.204057327 4542
9.215875296 3028
9.232064029 4542
9.244000083 4542
9.255621733 4542
9.268025927 4542
9.275272480 5494
9.287102914 5494
9.298933769 5494
9.311846390 5494
9.323666282 4542
9.335288031 4542
9.347711414 6056
9.359360602 6056
9.371765555 6056
9.391782135 4542
9.410294570 3028
9.472092421 0
9.484155139 1514
9.495824316 3028
9.512406426 4542
9.524039080 4542
9.535900769 4542
9.552846745 4542
9.564389324 4542
9.573315491 5675
9.585138594 5675
9.596967817 5675
9.608862002 5675
9.620682139 6056
9.632458596 6056
9.644336747 6056
9.656175722 6056
9.667928850 6056
9.679835895 6056
9.691812304 6056
9.703445804 6056
9.715987339 6056
9.727627948 4542
9.740290633 6056
9.751924589 6056
9.764526159 6056
9.771269918 5432
9.792738519 3918
9.804369353 3918
9.816213622 4542
9.828016238 4542
9.839891879 6056
9.851740232 6056
9.863513336 6056
9.875407571 6056
9.887167475 6056
9.899063586 6056
9.910819602 6056
9.922708265 6056
9.934499366 6056
9.943289112 6056
9.957653556 5670
9.969325771 5670
9.981893247 5670
9.993524613 5670
10.006122005 6056
10.017818497 6056
10.030290807 6056
10.041987029 6056
10.054604935 6056
10.066212157 6056
10.078832094 6056
10.090516822 6056
10.103053831 4542
10.114738578 6056
10.127251283 6056
10.138940993 6056
10.151511644 6056
10.163109768 6056
10.175795000 4542
10.187431776 6056
10.200022513 6056
10.211705559 4542
10.224009500 4542
10.235633776 4542
10.248302799 6056
10.259996453 6056
10.272474134 6056
10.275512035 4956
10.287350613 4956
10.299164057 4956
10.310987636 4956
10.322894788 6470
10.334664692 6056
10.346478750 6056
10.358297343 6056
10.370151928 6056
10.382049494 6056
10.393791989 6056
10.405625052 4542
10.417472033 6056
10.429268930 4542
10.441823971 6056
10.453519040 6056
10.466001713 6056
10.477698927 6056
10.490230315 4542
10.501935018 6056
10.514491713 6056
10.526181266 6056
10.538772354 6056
10.550364521 4542
10.562962671 4539
10.574635859 6053
10.587181782 6053
10.598838475 6053
10.611291326 6056
10.622971199 6056
10.635459450 6056
10.647091392 4542
10.659711275 6056
10.671363103 6056
10.683945918 4542
10.695641137 6056
10.708198962 6056
10.719843967 6056
10.732450818 6056
10.744064911 6056
10.756657591 6056
10.765252359 6056
10.780900036 4146
10.792521198 5660
10.804994630 5660
10.816644354 4542
10.829179540 6056
10.840864344 6056
10.853474811 6056
10.865089568 4542
10.877656606 6056
10.911705270 3028
10.912710126 3183
10.924553626 3183
10.936437240 3183
10.948461073 4697
10.960111616 6056
10.972682338 6056
10.991913999 4542
11.048958668 0
11.052986729 799
11.071617893 873
11.083263110 2387
11.095139123 3901
11.106888678 4542
11.118735211 6056
11.130611482 6056
11.155008028 4542
11.191458838 1514
11.231748942 486
11.243392068 1514
11.255219090 3028
11.267056319 4542
11.278927089 6056
11.290766832 6056
11.302585843 6056
11.338496759 3028
11.392373310 0
11.404571820 1514
11.416245752 3028
11.428539718 4542
11.440230927 6056
11.452271249 6056
11.463885980 6056
11.475712617 6056
11.485000096 6056
11.551392947 0
11.563084253 1514
11.574879461 3028
11.586680362 4542
11.598567556 6056
11.610396582 6056
11.622227208 6056
11.634003742 6056
11.642751193 6056
11.673885459 2626
11.711209379 1514
11.722912495 1514
11.734662565 3028
11.746493572 4542
11.758486189 6056
11.770303952 6056
11.782221502 6056
11.793928144 6056
11.794842687 7570
11.831314846 3112
11.873157604 1514
11.885385859 1514
11.897184784 3028
11.909510587 4542
11.921175988 6056
11.933355300 6056
11.939201434 6056
11.995593320 0
12.031492217 1514
12.043825860 3028
12.055564218 3028
12.067468556 4542
12.079193802 6056
12.090935750 6056
12.103116828 6056
12.114750568 6056
12.126568996 6056
12.138385954 6056
12.150457877 6056
12.162159101 6056
12.174205107 4542
12.185831855 6056
12.197693083 6056
12.209579396 4542
12.221293920 6056
12.233122084 6056
12.245284284 6056
12.257269581 6056
12.269065410 6056
12.281255152 4542
12.293014770 6056
12.305467682 6056
12.317122490 6056
12.329571757 6056
12.341214642 4542
12.353815018 6056
12.365498441 6056
12.377967614 4542
12.385382645 6056
12.397301381 5512
12.409133978 5512
12.420921624 5512
12.432654650 4542
12.444524823 6056
12.456495731 6056
12.468250835 6056
12.480063033 6056
12.491958379 6056
12.503665245 6056
12.515568194 6056
12.527425291 6056
12.539216340 6056
12.551127235 6056
12.562868653 6056
12.574747059 6056
12.586525839 6056
12.598312733 6056
12.610101515 6056
12.622054655 6056
12.633794747 6056
12.645628455 6056
12.657414390 6056
12.669256790 6056
12.681120489 6056
12.692878717 6056
12.704340361 6007
12.717003549 6007
12.728671182 6007
12.741343060 4542
12.752982140 6056
12.765377177 4542
12.777028657 6056
12.789630685 6056
12.801265323 4542
12.814004906 6056
12.825610685 6056
12.838148016 6056
12.849813763 6056
12.862358702 4542
12.874002471 6056
12.886375437 4542
12.898002540 4542
12.910417625 6056
12.922103093 6056
12.934675823 4542
12.946371225 6056
12.958916647 4542
12.970657688 6056
12.983269984 6056
12.991623915 6056
13.007171159 5636
13.018797658 4122
13.031518023 5636
13.043104363 4542
13.055499038 6056
13.067132279 4542
13.068153780 6056
13.079682505 6126
13.091380592 4612
13.103981910 6126
13.115612803 6126
13.127958533 4542
13.139602528 6056
13.152057219 6056
13.163798786 6056
13.176284578 6056
13.187957570 6056
13.200322492 4542
13.212063048 6056
13.224537386 4542
13.236161678 6056
13.248977499 6056
13.250853344 6310
13.262695395 6310
13.274437262 6310
13.286225902 4796
13.298172793 4796
13.311588131 6056
13.323861793 6056
13.335589649 6056
13.347931744 4542
13.359699222 6056
13.372499949 6056
13.396090019 4542
13.471469973 0
13.483741844 1514
13.495459470 3028
13.507436764 4542
13.519191051 6056
13.537985974 4542
13.631505765 0
13.643455892 1514
13.655107098 3028
13.671738729 4542
13.680404088 6056
13.792787761 0
13.804644228 1514
13.816441910 3028
13.828062812 4542
13.872434555 1081
13.951632178 0
13.963477874 1514
13.973825334 3028
13.991599308 3121
14.032807491 1514
14.044515454 1514
14.071804188 3028
14.083428403 3028
14.095359721 3028
14.110942699 4542
14.116467893 5270
14.128374829 5270
14.152128749 3756
14.163862542 4542
14.175682477 4542
14.193489215 4542
14.205326525 4542
14.217060581 4542
14.229580582 4542
14.241222816 6056
14.253421657 6056
14.265058503 6056
14.277440772 4541
14.289115250 6055
14.313080080 4541
14.324779126 4542
14.336548765 4542
14.348372247 4542
14.360285428 6056
14.372148794 6056
14.383854874 6056
14.395744525 6056
14.401732783 6056
14.471477188 0
14.483689163 1514
14.495406222 3028
14.507834203 4542
14.519552125 4542
14.531782843 6056
14.543395455 4542
14.555005871 6056
14.562720263 5468
14.574559058 5468
14.586170330 5468
14.598078314 5468
14.610030551 6056
14.632239276 4542
14.644469144 4542
14.656312438 4542
14.668618279 4542
14.680446994 6056
14.692971013 6056
14.704605552 4542
14.717072184 6056
14.728894232 6056
14.741043512 6056
14.743405165 6056
14.755230301 4870
14.795090450 1514
14.831920577 1514
14.844068526 3028
14.855708760 3028
14.868076257 4542
14.879821960 6056
14.891606093 6056
14.906443071 3964
14.952520400 82
14.991620895 1514
15.003341811 1514
15.015151391 3028
15.026980634 4542
15.033572455 6056
15.058732934 3869
15.074803801 1942
15.140201712 0
15.151450452 1514
15.163376218 3028
15.180855487 4542
15.187207028 6056
15.211072802 4542
15.234249415 3028
15.257337202 3028
15.279917578 3028
15.280367482 4542
15.304147059 4542
15.304588959 5990
15.328874399 4476
15.352677748 3028
15.376527126 3028
15.400783129 3028
15.416006464 3028
15.425034277 4542
15.428128684 4542
15.449242954 6056
15.452368762 6056
15.473137442 6056
15.476271728 7570
15.496918993 6056
15.500213226 7570
15.502128840 4672
15.520866300 6186
15.526046919 4672
15.545016801 6186
15.549798393 6056
15.569259716 6056
15.579729834 4542
15.593888213 4542
15.617965164 3028
15.618120474 4542
15.635071600 4542
15.642783831 4186
15.659084156 5700
15.667418224 7214
15.691652793 3028
15.699402628 4542
15.715945328 4542
15.737534092 4542
15.739728166 4542
15.763984755 4542
15.774215768 4542
15.783533219 5695
15.788650702 5695
15.812474905 5695
15.818864058 5695
15.836703199 3028
15.860481257 4542
15.860936171 6056
15.885244037 4542
15.896960071 4542
15.909123644 6056
15.909415889 7570
15.909791829 9084
15.933390812 6130
15.933650941 6357
15.938778595 6357
15.957605623 6357
15.980631572 4769
15.981795387 6283
16.006058746 4542
16.019206603 4542
16.030647779 6056
16.055260808 4542
16.057892690 6056
16.070217254 4542
16.079505767 6056
16.094546864 6056
16.094563016 7116
16.103758549 7190
16.111623973 5676
16.127972469 5676
16.138508375 5676
16.152306341 6056
16.159994337 6056
16.176454703 6056
16.184140704 6056
16.200712569 6056
16.208386144 4542
16.225329025 6056
16.233904529 4542
16.249586725 3977
16.259661538 3977
16.273920386 5491
16.298058325 4542
16.298634940 6056
16.310856806 4542
16.322290424 6056
16.337614363 6056
16.346525271 6056
16.358873755 4542
16.370372596 4542
16.382703887 6056
16.394679747 4057
16.399260475 5571
16.418868553 5571
16.423409544 5571
16.443079488 6056
16.447663917 6056
16.467316911 6056
16.471910804 6056
16.491570413 6056
16.496153757 6056
16.515576365 6056
16.520433667 6056
16.539671617 6056
16.544604007 6056
16.563971227 6056
16.568855173 6056
16.577858174 5105
16.588171263 6619
16.602089691 5105
16.612408910 6619
16.626333789 6056
16.636697460 6056
16.650572073 6056
16.660850609 6056
16.674877869 6056
16.685154395 6056
16.699455583 6056
16.709395608 6056
16.723808209 6056
16.733974760 4542
16.747912593 6056
16.758186842 6056
16.772149701 4542
16.782522952 6056
16.796395836 4542
16.806768425 5405
16.810212717 5405
16.830982723 5405
16.834449886 5405
16.855215700 6056
16.858739093 6056
16.879501036 6056
16.883032809 6056
16.903628223 4542
16.907198662 6056
16.927928745 6056
16.931400445 6056
16.952086601 6056
16.955663796 4542
16.976323422 4542
16.979970057 6056
17.000564731 6056
17.004205690 6056
17.024812169 6056
17.028447997 6056
17.049077828 5952
17.050944223 7466
17.073326341 5952
17.075242921 7466
17.097637531 6056
17.099439551 6056
17.121756754 4542
17.123721882 6056
17.146036671 6056
17.147889624 7570
17.170673505 6056
17.172150050 7570
17.195374458 4542
17.196435185 6056
17.219558878 6056
17.220595289 6056
17.243753301 6056
17.244854570 7570
17.268003808 6056
17.269468010 6056
17.292224478 4542
17.294100814 6056
17.316484580 6056
17.318445434 6056
17.331064358 5334
17.340776202 5334
17.355678200 5334
17.365048037 6848
17.379935921 4542
17.389176697 6056
17.404156235 6056
17.413416202 4542
17.428387964 6056
17.437658859 4542
17.452628790 6056
17.461973534 4542
17.476877050 6056
17.486287166 6056
17.501105352 6056
17.510469502 6056
17.525352472 6056
17.534630369 6056
17.549578666 5604
17.551705026 6998
17.571909518 5484
17.575884795 5484
17.596179751 5936
17.600150350 6056
17.620399245 6056
17.624328558 4542
17.644608826 4542
17.648569405 4542
17.669244756 6056
17.672856472 6056
17.693490650 6056
17.697049802 4046
17.721430437 4046
17.776814831 0
17.789022830 1514
17.819726464 3028
17.834871923 3028
17.837117984 4542
17.865024778 3129
17.899632413 591
17.937508176 1514
17.955501475 1514
17.976858525 3028
17.981759755 3648
18.010746956 2134
18.017240499 3083
18.058769054 2463
18.100159122 1514
18.119152428 1514
18.138745421 2344
18.152756639 3858
18.164713882 3858
18.179331528 3567
18.191079543 3567
18.254087670 0
18.263600937 1203
18.297383367 2717
18.303187677 3028
18.311355214 4352
18.390060744 0
18.402041498 1514
18.425825818 3028
18.449476871 3015
18.473393126 3015
18.497162347 3028
18.500680639 3028
18.520276903 4534
18.543377503 4534
18.567403867 3028
18.591203368 3028
18.614911356 1514
18.633155426 3028
18.639160957 4542
18.663393057 4542
18.671870778 4542
18.687260243 3158
18.690060755 1823
18.713895752 1823
18.737369117 3028
18.761632814 3028
18.785852482 3028
18.792893198 3028
18.807040448 4542
18.818933277 3394
18.833276363 4908
18.857031843 3394
18.880935219 3028
18.952349367 0
18.964484969 1514
18.979904033 1719
19.103740994 0
19.231519160 0
19.299106406 0
19.440726560 0
19.487735191 1163
19.555135453 0
19.634896028 0
19.668515037 1514
19.751386764 0
19.833617335 0
19.912107787 0
19.973211988 0
19.999700039 1277
20.031444355 1514
20.113911839 0
20.125819173 1514
20.144157142 2303
20.155924862 3817
20.179352435 3028
20.194487206 4542
20.202902892 4542
20.226298478 4542
20.234269285 4542
20.246054632 6056
20.249776118 6056
20.272240977 6056
20.273252742 7570
20.296695985 4542
20.311669410 4542
20.321015946 4542
20.338141729 4542
20.345175311 5166
20.355174761 5166
20.369419179 5166
20.394080707 3028
20.418287289 3028
20.433309924 3028
20.442583058 4542
20.466783406 3028
20.474279831 4542
20.491011468 3028
20.495473581 4542
20.514940736 4906
20.538698553 1878
20.551636759 3028
20.563087593 4542
20.586818264 4542
20.593912776 4542
20.610644109 4542
20.633982121 4542
20.634953891 6056
20.658340777 4542
20.674871368 4542
20.682617123 6056
20.689992535 4542
20.706813450 3917
20.731095077 3917
20.753192002 3028
20.755284496 3028
20.779562022 4542
20.791817480 4542
20.803866338 6056
20.803929302 7570
20.827618899 6056
20.828185751 7570
20.851489568 6056
20.852012052 6056
20.875377564 6056
20.875884309 7570
20.899575769 6056
20.899704789 7570
20.923567682 6056
20.923775921 7570
20.947799007 4542
20.948444185 5498
20.963189187 5498
20.972661582 5498
20.987745935 5498
20.996975627 7012
21.021563033 3028
21.045874971 3028
21.070024060 3028
21.074192830 3028
21.092063428 4542
21.094248764 5025
21.118919074 5025
21.142756157 1514
21.166655657 3028
21.190579771 3028
21.214676653 1514
21.232101357 3028
21.239049747 3358
21.262407855 3358
21.286326695 3028
21.310075118 3028
21.333600240 3028
21.353550045 3028
21.357477212 4542
21.373771889 4542
21.381243380 4623
21.392712114 4623
21.405173185 4623
21.429022410 4542
21.452823283 3028
21.477022517 3028
21.501305629 3028
21.514632313 3028
21.525578054 4521
21.549796775 4521
21.552098966 4521
21.564082513 4542
21.573574402 6056
21.597495442 6056
21.621264592 3028
21.623306198 3155
21.647623306 1641
21.651914432 3155
21.671801602 4046
21.696019125 3919
21.713128142 3028
21.720324911 4542
21.725069718 4542
21.744101152 6056
21.748906902 6056
21.767575239 6056
21.791446807 4542
21.815259302 1514
21.835256324 3028
21.839550280 4189
21.863762534 4189
21.873288539 4189
21.885407294 5703
21.888015244 6056
21.909243376 6056
21.912213531 7570
21.933112215 6056
21.935683783 6056
21.956936376 6056
21.959924333 6056
21.980837757 6056
21.984155459 6530
22.008485948 3502
22.033090936 3502
22.033275687 5016
22.045467148 4542
22.057373302 6056
22.069715493 6056
22.081598958 7570
22.094276046 6056
22.105753431 6056
22.118174799 6056
22.129613732 6056
22.142443685 6056
22.153931130 4959
22.178098191 3445
22.194148640 3028
22.202413035 4542
22.206263160 6056
22.226553041 4542
22.250801330 4542
22.275051520 3028
22.283344748 3028
22.298879714 4420
22.323270130 4420
22.347357039 1514
22.351392860 3028
22.363370686 4542
22.371601328 6056
22.395522514 6056
22.419767463 3028
22.424999845 3028
22.443925734 4307
22.467384952 4307
22.491613171 1514
22.514355558 3028
22.515946846 4542
22.539817906 4542
22.554395470 4542
22.564032062 4542
22.566978404 4542
22.588185713 4988
22.611657024 3474
22.635914400 3028
22.660208741 3028
22.671518545 3028
22.683700047 4542
22.684357949 4542
22.707864862 4542
22.708597369 6056
22.731725436 4542
22.732443957 6056
22.755616185 6056
22.756302404 7570
22.779452831 4542
22.780155724 6056
22.803249780 6056
22.804468620 7570
22.827483740 6056
22.828614007 6056
22.851727240 6056
22.852854591 7570
22.876480254 6056
22.877136033 6056
22.900668896 6056
22.901418617 7570
22.925331219 6056
22.925659203 7570
22.949526655 6056
22.949862242 7570
22.973813332 6056
22.974444712 6056
22.997988541 4542
22.998687060 6056
23.022679982 4542
23.022925822 6056
23.047194620 4542
23.047238893 6056
23.071413616 6056
23.071882080 6056
23.095647390 4542
23.096161145 6056
23.119876652 4542
23.120350813 6056
23.144128554 6056
23.144597524 7570
23.168409266 4542
23.168833846 6056
23.192590041 4542
23.193066810 6056
23.216826997 6056
23.217326938 7570
23.241154953 6056
23.241562953 7570
23.254858174 5369
23.265310076 6883
23.279115898 5369
23.289553998 6883
23.303288304 6056
23.313784979 6056
23.327541478 4542
23.338438325 6056
23.351744220 6056
23.363153025 4542
23.376032052 6056
23.387785469 6056
23.400294419 6056
23.412345601 4542
23.424458339 6056
23.436613384 6056
23.448691347 4542
23.460913487 6056
23.472928772 6056
23.485100386 6056
23.497163521 6056
23.509310276 4542
23.521416644 6056
23.533564482 6056
23.545667495 4542
23.557857789 6056
23.569886870 6056
23.582027867 6056
23.594115774 6056
23.606258357 6056
23.618364338 6056
23.630490783 6056
23.642661477 6056
23.654802773 6056
23.666832124 6056
23.679063542 6056
23.691079149 4542
23.703205875 4542
23.715304173 4542
23.727534304 6056
23.739564503 6056
23.751755270 6056
23.763855321 6056
23.775968694 6056
23.788025536 6056
23.800155067 6056
23.812257400 4542
23.824411400 3855
23.825503733 5369
23.840453591 4784
23.848682836 4784
23.864612592 5471
23.872907530 6985
23.888872356 6056
23.897166809 6056
23.913083848 4542
23.921433807 6056
23.937397976 4542
23.945192547 4542
23.961676439 6056
23.969077803 6056
23.985817437 6056
23.993695168 6056
24.010054069 6056
24.018413221 6056
24.034287033 4542
24.042633415 4542
24.058579195 6056
24.066795605 4542
24.082818196 4542
24.091057609 4542
24.106986807 6056
24.115270871 4542
24.131221704 4542
24.139519594 4542
24.155558655 6056
24.163860240 6056
24.179731289 6056
24.188019799 6056
24.204030900 6056
24.212224207 6056
24.228173248 4542
24.236548396 6056
24.252418800 6056
24.260799848 6056
24.276659198 6056
24.285045711 6056
24.300888144 4542
24.309185355 6056
24.325182141 6056
24.333414679 6056
24.349375171 6056
24.357678764 4542
24.373626143 6056
24.381986153 6056
24.397939884 6056
24.406204673 5584
24.414535816 5584
24.430379860 5584
24.438852691 5584
24.454613502 6056
24.463092132 6056
24.478856815 6056
24.487287665 6056
24.503089470 4542
24.509386775 4934
24.511921072 4934
24.533639095 4934
24.540907264 4934
24.557915314 5356
24.582074597 3842
24.648689781 0
24.679308555 894
24.737378263 0
24.821770561 0
24.831906929 504
24.848831491 2018
24.871836248 3532
24.894922235 3028
24.918082217 3028
24.952482757 1514
24.964497737 3028
25.106895665 0
25.193565829 0
25.249221606 0
25.353571327 0
25.390944084 1514
25.525891525 0
25.631754645 0
25.663579857 1514
25.711620566 353
25.793733772 0
25.805457638 1514
25.872719341 0
25.914237395 1514
25.949598747 1514
25.994781000 832
26.035240907 1514
26.072601504 1514
26.084454253 3028
26.107806859 3028
26.114528915 3394
26.154696039 1880
26.192939977 1514
26.204961952 3028
26.235083649 3028
26.252699672 3028
26.275037754 2465
26.312473130 1514
26.324278459 3028
26.392119483 0
26.403933665 1514
26.434404832 2701
26.474680009 1514
26.512628163 1514
26.524281741 3028
26.548020597 3028
26.554532354 3289
26.593987698 1775
26.632155707 1514
26.689051960 0
26.714320821 682
26.794734624 0
26.829824346 1514
26.874190534 1444
26.900740841 1514
26.911576982 3028
26.923207134 4542
26.946596835 4542
26.970066359 3028
26.993531494 3028
27.017092226 3028
27.037402862 3028
27.041261070 4542
27.049540429 4542
27.065104177 5769
27.069179284 5769
27.089003156 7283
27.093414971 5769
27.112790302 6056
27.117714641 6056
27.136629102 6056
27.141910059 6056
27.160877462 6056
27.166190087 6056
27.185100066 4542
27.190378556 6056
27.209364854 6056
27.214613626 4887
27.214860407 6401
27.238849752 4887
27.239098854 6401
27.263082542 6056
27.263343305 7570
27.287369315 4542
27.287581219 6056
27.311550996 4542
27.311821466 6056
27.336055232 4542
27.336176170 6056
27.360320995 4542
27.360821426 6056
27.384934038 4542
27.385058527 6056
27.409181514 6056
27.409295637 7570
27.433403311 4542
27.433530915 6056
27.457680682 6056
27.457776291 7570
27.481893912 6056
27.481902467 6856
27.482004856 6930
27.494711645 5416
27.506274712 6930
27.519344397 5416
27.530487145 5342
27.543592170 4542
27.554753203 6056
27.567913898 6056
27.579374078 6056
27.592465537 6056
27.603676273 6056
27.617173300 6056
27.627859299 6056
27.641327003 6056
27.652081562 6056
27.665569984 4542
27.676397680 5835
27.686360378 5835
27.700582715 4321
27.710517337 5279
27.734785794 3986
27.738124707 3986
27.759056890 4542
27.783227879 4542
27.807531200 3028
27.831701950 1514
27.833519782 3028
27.855550913 4352
27.872349683 3142
27.884644180 1818
27.913108319 3028
27.916052908 4542
27.939318415 1584
27.952836173 3098
27.964777031 3098
27.976734673 4542
27.992318384 3785
28.012110288 3785
28.033295580 1642
28.045119567 1642
28.111751220 0
28.118022298 1514
28.123755878 2883
28.147169462 4397
28.170996336 3028
28.177723508 2023
28.194640448 3537
28.206274172 3537
28.233060712 3028
28.252404557 3028
28.257265569 4542
28.276644215 3987
28.300547115 3987
28.324400070 3028
28.348176513 3028
28.372015187 3028
28.378773072 2646
28.393245054 4160
28.393770166 5674
28.413710425 4386
28.437552284 3254
28.461416579 1514
28.485250394 3028
28.509479098 3028
28.533014645 3028
28.533739000 4037
28.557572166 4037
28.581113894 4037
28.591566885 2181
28.615387269 2181
28.639219693 1514
28.663103879 3028
28.679084918 3028
28.686953895 4215
28.710781085 4215
28.734639421 3028
28.758094668 3028
28.782008171 3028
28.806242318 3028
28.817921187 2984
28.829701078 3481
28.853583989 3481
28.858179554 3525
28.877412992 4542
28.901313661 4542
28.925142499 3028
28.940649263 3028
28.948963381 4542
28.961142596 4542
28.972814223 4965
28.997040452 1937
29.020049683 3028
29.021325098 4542
29.045177402 4542
29.059810652 4542
29.069338638 4542
29.071768040 3661
29.079500511 5175
29.097001797 5175
29.103020362 6689
29.119426575 5175
29.126438238 4994
29.139299820 4994
29.150652063 4994
29.174886984 4542
29.177930780 4542
29.189878056 6056
29.199126781 4542
29.223378965 6056
29.247683736 3028
29.256863034 3028
29.271855875 3894
29.296091142 2380
29.320331645 3028
29.340044092 3028
29.344564227 4542
29.368479116 3028
29.372949312 3316
29.377048187 4830
29.396781441 3316
29.398259832 4830
29.418071897 5830
29.420706869 7344
29.444487943 5542
29.459894372 4542
29.468716551 4542
29.492565545 4542
29.498967505 4542
29.516410871 4542
29.538799596 4542
29.541057492 3360
29.541455595 4874
29.565322106 4874
29.578523528 4874
29.589531305 4874
29.613774316 4542
29.638004397 3028
29.661870432 1514
29.683845377 3028
29.684753493 3102
29.686170972 3941
29.691084530 2739
29.697993212 4253
29.715349892 4253
29.739562249 3028
29.763405504 3028
29.786889541 3028
29.810732948 3028
29.826487289 3028
29.834970763 4514
29.858498818 4514
29.858807871 6028
29.882749034 4542
29.906506034 4542
29.930355034 3028
29.936207828 3028
29.954584264 1596
29.963602866 2748
29.973044127 3456
29.997278935 3374
30.016904053 3028
30.021518933 4542
30.028822031 4542
30.045362872 4542
30.052690633 6056
30.076503818 4542
30.080590266 4542
30.100378124 4542
30.108089356 4542
30.116643578 5655
30.124286600 7169
30.148050976 5655
30.152680228 5655
30.185019954 3028
30.186865070 4542
30.188738090 6056
30.221093704 4542
30.224808569 6056
30.228444948 7570
30.247409192 4542
30.258048135 5576
30.261785529 7090
30.294102610 4062
30.297836057 4542
30.307341016 4542
30.331084788 4542
30.333908723 6056
30.346415619 6056
30.368041275 4542
30.369955717 6056
30.386486361 4542
30.404590756 4542
30.405005545 5189
30.406977047 6703
30.427038971 4773
30.433068789 6287
30.441131030 6287
30.467964430 4542
30.469118556 6056
30.478015756 6056
30.505197865 4542
30.507262650 6056
30.514983419 7570
30.541255754 4542
30.547510677 6056
30.551950528 6735
30.555832193 8249
30.577308829 5221
30.588907057 6735
30.592762409 6735
30.614284415 4542
30.624968976 6056
30.629728902 6056
30.651249491 4542
30.661038892 6056
30.668715647 6056
30.689159091 4542
30.697992457 6056
30.703665126 6056
30.720501286 3732
30.726118994 5246
30.734970823 6760
30.756479878 4542
30.763074843 6056
30.771908339 7570
30.792551399 4542
30.800048550 6056
30.808903300 6056
30.828607967 4542
30.837086293 6056
30.845835554 6056
30.864665012 4542
30.874013663 5964
30.882867604 5964
30.899380521 4450
30.910939343 5964
30.918890754 6056
30.936353874 4542
30.947909763 6056
30.954923328 6056
30.973356334 4542
30.984856839 6056
30.990986380 6056
31.010293274 4542
31.021865771 6056
31.027080649 6056
31.047313244 4542
31.058773746 4271
31.063110205 5785
31.077655922 4271
31.095747333 5785
31.099188727 6056
31.114555227 6056
31.132716516 4542
31.135276727 6056
31.151510827 4542
31.169679117 4542
31.171295468 6056
31.187564257 4542
31.206709759 4542
31.207371672 6056
31.224536511 4542
31.243662442 4357
31.244413087 5871
31.256264204 7385
31.280470293 4542
31.280565990 6056
31.292238824 6056
31.316448802 4542
31.317512183 6056
31.328350647 7570
31.352504965 4542
31.354474103 6056
31.364436756 7570
31.388566208 4542
31.391469127 6056
31.400441710 7570
31.425533090 4542
31.428404739 6056
31.436566082 7570
31.462144784 4105
31.462486955 5619
31.465372603 7133
31.486005970 4950
31.498207508 5387
31.499454352 6901
31.523036113 5387
31.534333741 6056
31.536437043 7570
31.559998404 4542
31.570344071 6056
31.573454593 6056
31.597063404 4542
31.607375433 6056
31.610338702 6056
31.633849874 4542
31.644353734 6056
31.647334393 7570
31.670824198 4542
31.681232689 6056
31.684335896 7047
31.705409244 4019
31.707783808 5533
31.720397765 6217
31.725292429 4908
31.742400251 3917
31.752264271 5431
31.761299733 4747
31.779343365 4542
31.816376440 1514
31.833546996 1514
31.852011035 3028
31.853269785 3868
31.858429841 5382
31.877003850 5382
31.890230870 4275
31.914838510 1921
31.926375437 3435
31.953121688 3028
31.961575746 4542
31.997939085 3028
31.998537139 3568
32.014479763 1213
32.018689012 2727
32.050553049 2737
32.086683240 1514
32.097976461 3028
32.114791834 3028
32.122740613 4542
32.151357414 3028
32.157944824 4542
32.158916087 6056
32.193228500 4534
32.193947014 6048
32.223931855 3028
32.230012096 3352
32.259757161 1838
32.266060611 3352
32.302140761 3028
32.303983637 4542
32.311436975 5222
32.338181129 3708
32.361067976 1514
32.374243556 2091
32.378322038 3605
32.410298685 3028
32.431539610 1514
32.443853130 3028
32.446435140 4050
32.472000456 4050
32.482451162 5564
32.492835721 5172
32.498097782 2857
32.509178574 4371
32.545206576 3028
32.553195681 3028
32.578010286 3028
32.581267582 4542
32.593660379 6056
32.596095489 7570
32.617336899 5163
32.653391767 2135
32.656729673 3028
32.673530350 3028
32.689469718 4542
32.691572606 6056
32.726430891 2270
32.737878312 2270
32.751331015 3028
32.755972989 4542
32.762505947 5316
32.798573561 3802
32.820236067 1514
32.832793004 3028
32.835500585 4542
32.850391274 3653
32.859228823 5167
32.886530076 3028
32.889852405 4542
32.894104028 4922
32.923478430 2039
32.937134671 3553
32.954208985 3028
32.958701282 4542
32.994685086 3028
33.020032234 637
33.029887002 2151
33.058677669 1910
33.068476130 1910
33.073865750 3424
33.076349835 4938
33.129749382 938
33.140517042 891
33.153060659 2405
33.171107176 3919
33.178593844 4153
33.188701533 3262
33.220173077 3262
33.234194452 3028
33.266211575 3028
33.274574045 3028
33.284319662 3563
33.297164039 2244
33.311647859 3758
33.348539188 3028
33.377762845 1514
33.378096407 1725
33.385903629 3239
33.391621669 4753
33.418878815 4753
33.427024376 6056
33.442495405 4109
33.473733754 1350
33.498521635 1514
33.505930633 3028
33.516494741 4542
33.536943901 3516
33.552927891 3516
33.554978774 3516
33.564977434 5030
33.590188049 4514
33.591775844 6028
33.625393153 3028
33.628273743 4542
33.660603933 3028
33.675863427 2152
33.686518833 2152
33.705877164 3029
33.711870894 3377
33.714752782 4891
33.734208017 4891
33.747906460 5528
33.783975438 3028
33.787916697 3028
33.791473229 4542
33.820044036 4542
33.828144927 4882
33.831618116 6396
33.847573762 3368
33.849652664 4723
33.868735150 6237
33.885789984 4383
33.899725802 4135
33.940111957 1514
33.953036675 1514
33.960957208 3028
33.971085517 3742
33.990954609 3742
34.007196955 2781
34.017071402 3581
34.043268176 3028
34.059763563 4542
34.065192481 4542
34.078411837 4542
34.091225729 5094
34.105314199 5094
34.127286319 3028
34.130841745 4542
34.137579593 4790
34.163362259 3276
34.164102727 4790
34.179411928 4103
34.188736615 5369
34.199415988 5369
34.227219848 3028
34.235499324 4542
34.245353903 4542
34.271542881 4542
34.281319114 4542
34.300190738 1733
34.306269236 3247
34.307588185 4761
34.318745353 6275
34.344565916 4697
34.347414785 5361
34.360451902 2333
34.380163496 3692
34.386724361 5206
34.396431676 6056
34.418767742 4542
34.423140238 6056
34.432522002 4926
34.457705793 3412
34.467785677 4926
34.468585281 6440
34.475756472 6056
34.504627258 5834
34.506515077 5834
34.507814468 7348
34.540678577 4542
34.542562778 6056
34.545255622 7570
34.565644310 6056
34.576757437 5038
34.580553115 6552
34.588298086 8066
34.613707190 5038
34.618313943 6056
34.650693674 3028
34.651664890 4542
34.665166901 3118
34.687702840 3118
34.697187514 4632
34.706582518 4542
34.718223242 3975
34.724673695 5489
34.737498735 7003
34.761563265 4542
34.779729113 3028
34.787662289 4542
34.797633052 4542
34.818340377 4542
34.826712010 6056
34.833681654 6056
34.836360285 6056
34.856966760 6056
34.870655221 4912
34.873400643 6426
34.880506369 5205
34.906707977 3321
34.907053574 4835
34.917533249 6349
34.942770439 4542
34.948095392 6056
34.954487294 7570
34.979734560 4542
34.991382654 6056
34.994916018 6056
35.016729930 3829
35.027430197 5343
35.053653083 3028
35.063509594 4542
35.064857299 6056
35.090615039 4542
35.099560414 6056
35.102602628 4670
35.108260370 6184
35.127589955 4670
35.137443058 6184
35.138664180 6768
35.164573820 3612
35.174750987 5126
35.186926659 3612
35.201525971 4542
35.205021549 6056
35.210803489 7570
35.237583955 6056
35.241100864 6056
35.247775704 7570
35.274543876 4542
35.277149485 6056
35.284794732 7570
35.311498283 4542
35.313136575 6056
35.320841384 6424
35.321983438 7938
35.348456822 4910
35.357819565 6424
35.358865971 6424
35.385427215 4542
35.393873063 6056
35.422385527 3028
35.427113384 4542
35.429882067 6056
35.435821703 6303
35.447260161 4789
35.459346152 6261
35.471824910 7775
35.496301582 4500
35.507865638 4542
35.508483737 6056
35.533266484 4542
35.543934971 6056
35.548552157 7570
35.570235192 4542
35.579987911 5483
35.587065163 5483
35.593229134 6997
35.605137934 5483
35.616051213 6813
35.630167435 5872
35.636844999 7386
35.652126836 5872
35.667136469 4542
35.672892192 6056
35.688251081 4542
35.704104393 4542
35.709795241 6056
35.725134811 4542
35.741056169 4542
35.747023568 5686
35.762122749 4172
35.768998073 5686
35.783720870 5686
35.798175086 3750
35.800977279 5264
35.834225143 3750
35.836986884 3555
35.846794170 5069
35.872402588 3555
35.873104250 5069
35.882832147 6583
35.890883947 6056
35.909093842 5546
35.919845144 7060
35.945156228 4032
35.956768094 4542
35.981223170 3028
35.984636749 3168
35.992842827 4682
36.021612192 3168
36.029827815 4682
36.033756551 6056
36.051808172 4542
36.058564212 5168
36.065866653 6682
36.094627800 3654
36.101926730 5168
36.130718693 3028
36.137972162 4542
36.167728604 3028
36.174076116 4407
36.192505886 2893
36.201347855 4407
36.210991272 5921
36.210994292 7435
36.237447750 5410
36.247132441 5410
36.273445209 3028
36.283187363 4542
36.309504410 3028
36.319255978 4542
36.346464807 3028
36.352344732 4542
36.356208803 6056
36.370380188 4542
36.383435142 5104
36.392215407 6147
36.408273375 4633
36.428260407 4071
36.444339067 3028
36.464332597 3028
36.481372677 3028
36.500396642 3028
36.506693090 4542
36.514218044 4867
36.518323571 4867
36.536514245 4867
36.554334028 4110
36.554476688 5624
36.590382935 3028
36.590545215 4542
36.626450807 3028
36.646169369 1514
36.659452331 2087
36.662504203 3601
36.671527035 4904
36.677509251 4904
36.693551322 5028
36.729611052 1638
36.736783027 3028
36.764868586 3028
36.794173482 1514
36.800007684 2162
36.821268809 2162
36.831394299 2988
36.836095662 4502
36.872139665 3854
36.897894353 1514
36.908198564 3028
36.944251928 3028
36.963678216 1514
36.971750306 2014
36.980310292 2613
37.015509826 2113
37.032062869 3028
37.051597181 3028
37.086851167 1514
37.098383044 3028
37.116484743 3028
37.122902956 3257
37.158426195 1723
37.167050482 3237
37.194502671 2375
37.230555944 1514
37.231311217 3028
37.249355193 3028
37.259960212 4542
37.266615609 6056
37.278048154 7570
37.285473097 4696
37.302665883 4696
37.321535660 3182
37.338749502 3028
37.356740093 3028
37.374858008 3028
37.391875582 3028
37.410861189 2973
37.446998803 1514
37.457946564 3028
37.473199450 2994
37.483051620 4508
37.515024169 3028
37.519103540 4542
37.535588641 3028
37.536987265 3428
37.555050945 4942
37.555098752 6456
37.591065513 3028
37.591156285 4542
37.627136492 3028
37.627223620 4542
37.634301408 6056
37.663196074 4542
37.663278072 6056
37.676559244 6056
37.699256687 3691
37.699337297 5205
37.735381495 3028
37.735437150 4542
37.771379748 3028
37.772370425 4542
37.793785357 3028
37.808338569 4542
37.809335462 4923
37.819406600 6437
37.835071786 3717
37.845459803 3717
37.871922968 3028
37.881541396 4542
37.900665038 3028
37.912832837 4542
37.917557804 6056
37.939651077 4542
37.951927154 4542
37.953572949 6056
37.958131943 7570
37.969957972 5001
37.989640136 5001
38.006035099 3487
38.008236022 3580
38.025701465 3121
38.044360174 3121
38.061756288 3028
38.081266794 3028
38.097840689 3028
38.099532028 4542
38.117609760 4542
38.118243852 5821
38.133884843 5821
38.145815693 6322
38.154312819 4808
38.177432961 2987
38.187688154 4000
38.213501230 3028
38.249566427 1514
38.257832636 3028
38.273289482 3028
38.275869440 3805
38.286587718 5319
38.311917248 3805
38.323499215 4329
38.359613745 2038
38.395601953 1514
38.407314214 3028
38.417951109 2126
38.432604093 3640
38.436045469 4002
38.441002825 5516
38.467579180 4904
38.472043834 4904
38.476196081 5356
38.511410098 3480
38.545421161 1514
38.547457384 3028
38.563516268 3028
38.578085944 3304
38.584422988 4818
38.596166418 4818
38.620494379 4542
38.625952081 4542
38.632166729 4542
38.655695671 3493
38.691747277 1514
38.705473132 2717
38.715393357 2034
38.720465113 3548
38.739774477 5062
38.756457958 4542
38.757853460 6056
38.792526950 3028
38.793864034 4542
38.827733390 2216
38.842331316 2216
38.864683112 2570
38.897346742 1514
38.900765271 3028
38.915383963 3028
38.936822236 4542
38.946530867 6056
38.951448685 6056
38.972931598 4542
38.985631026 6056
38.987487575 4785
39.008946399 3271
39.013184623 3449
39.023559882 3449
39.027076025 4391
39.049240823 4148
39.059386001 5484
39.082114653 3028
39.086232744 4542
39.107499654 4542
39.122350963 4542
39.125586314 6056
39.155584583 4260
39.158310147 4260
39.163280042 5774
39.192547554 4189
39.195352913 5703
39.217329497 3028
39.229522856 4542
39.231355024 6056
39.235876214 7570
39.266439513 6056
39.267396268 6056
39.301674212 3028
39.304367818 3229
39.308462816 4743
39.340436911 2823
39.377393295 1514
39.378276085 3028
39.385898374 4542
39.413443278 4542
39.418674720 6056
39.426512661 7570
39.449526449 4542
39.451214861 6056
39.467548372 4843
39.485599087 3329
39.504944160 3028
39.521637492 3028
39.522993072 4542
39.537324211 3510
39.546234786 5024
39.558624755 5024
39.570510274 4542
39.594206637 4542
39.594668284 5056
39.606591037 3542
39.630736746 3542
39.666796403 1514
39.687260106 1514
39.698107359 2743
39.702852338 4257
39.705304725 5771
39.716136545 5771
39.738910305 7285
39.746465882 7570
39.752194360 6056
39.774973675 4542
39.784857315 6056
39.788261474 7570
39.808392293 6056
39.810173248 6056
39.824324559 7188
39.837828395 5674
39.843566727 7188
39.860385126 5674
39.874771807 6056
39.880549642 6056
39.896489055 5763
39.910356832 5763
39.911746725 7277
39.933410359 5763
39.947308327 6026
39.959686347 6026
39.969640849 4360
39.984288643 4390
40.006612461 4390
40.021239833 3028
40.043554618 3028
40.058205628 3028
40.080520577 3028
40.095156678 3028
40.105517232 4542
40.116612515 4401
40.131226806 4401
40.152648468 3935
40.156179756 4076
40.188711139 3028
40.192257594 4542
40.192276506 6056
40.224770783 4542
40.228302473 5745
40.248897360 4231
40.253424033 3191
40.254311869 4705
40.264369659 4747
40.289490818 3544
40.300437715 4584
40.326460050 3028
40.336491540 4542
40.346468921 3447
40.355147685 3447
40.363429483 4961
40.382553790 4961
40.391708026 6056
40.399468794 5143
40.418595408 3099
40.422904689 4613
40.458988439 3028
40.465618165 4542
40.490712805 3028
40.495028662 4542
40.515340500 4542
40.527693373 4542
40.531097131 5154
40.537282756 6668
40.542249895 6347
40.567172510 4833
40.578324107 5735
40.603234910 3028
40.613692516 3468
40.627721113 1954
40.649762942 3468
40.666400089 3028
40.671888674 4542
40.681473045 3832
40.686740663 5346
40.688298976 6860
40.723700676 4542
40.724375479 6056
40.759764529 2276
40.795811718 1514
40.815703407 1514
40.825499268 2683
40.832779389 4197
40.843531656 5711
40.868839943 4542
40.879566366 4542
40.904905292 2316
40.911971577 2620
40.947181264 1818
40.952571773 3332
40.984142482 2673
40.987219103 4187
41.005263131 4187
41.020261214 4542
41.041327944 3028
41.056273121 2409
41.092308562 1514
41.095069560 3028
41.111602331 2100
41.128395064 3614
41.138125000 5128
41.144955929 5128
41.162996403 4542
41.164438819 6056
41.174182921 7570
41.199057526 4542
41.200490470 5580
41.210243026 7094
41.236557577 4066
41.246353323 5580
41.273531254 3028
41.282382790 4542
41.305455968 3028
41.310482671 4542
41.319368760 6056
41.323955366 7570
41.347451339 6056
41.355388034 7570
41.360916866 7570
41.383506651 4257
41.391449336 5771
41.419576164 3028
41.427515642 4542
41.436041523 3377
41.456532124 3377
41.464881130 4891
41.473003818 4891
41.483372236 6056
41.493511928 6056
41.509953558 6056
41.519416080 6056
41.530456338 6056
41.546012549 4542
41.555480235 6056
41.566552809 5613
41.582085554 5613
41.602593504 4099
41.619047241 3028
41.625285379 4542
41.639533872 4542
41.643765532 6056
41.656012225 6056
41.673886395 5274
41.675594869 6788
41.680749494 6788
41.710847452 4542
41.712564272 6056
41.717700716 7570
41.746909358 3215
41.748627165 4729
41.782961496 3028
41.785599894 4542
41.786403848 6056
41.819932781 4542
41.822569950 6056
41.828033996 7570
41.856892308 4542
41.857591325 5626
41.858611437 6610
41.882716783 3582
41.894681559 5096
41.918803519 3028
41.931660062 4542
41.945124085 4019
41.955725885 4019
41.955824378 5533
41.963176414 7047
41.991901323 6056
41.992696436 7570
41.999222349 7570
42.027952434 4542
42.029661845 6056
42.035281528 7570
42.064031035 4542
42.065717847 6056
42.071350872 6377
42.100981087 3349
42.107413952 4863
42.137959044 3028
42.143463997 4542
42.154230521 4542
42.174916135 4542
42.179524609 6056
42.208240198 3028
42.211885081 3787
42.215591007 5301
42.247957961 3787
42.251665353 5301
42.283984099 3028
42.287717124 4542
42.313641413 3028
42.320975632 4542
42.323778168 6056
42.352801915 4542
42.357939445 5547
42.359843002 7061
42.393979436 4033
42.395914687 5547
42.430043148 3028
42.431966863 4542
42.467004659 3028
42.468019113 4542
42.490349975 3028
42.503977036 4163
42.504074053 5548
42.536955919 4034
42.540137110 4413
42.573046003 3028
42.576198034 4542
42.594422968 3028
42.609072287 4542
42.612285382 6056
42.628785966 4542
42.646040960 3578
42.648359352 5092
42.682125214 3028
42.684417835 3200
42.714509976 1686
42.720464654 3200
42.737577453 3028
42.756508458 4542
42.771337739 3028
42.791797349 2116
42.792562983 3630
42.814574246 3630
42.817404555 5144
42.828635064 6056
42.835435101 7570
42.850623629 5572
42.864711673 7086
42.886709561 4058
42.897879873 4542
42.900749004 4542
42.922770084 4542
42.936830943 6056
42.959727054 3028
42.973786758 4542
42.979675776 4542
42.996686841 4542
42.997718830 6056
43.009866220 4987
43.032730656 3473
43.045913398 4987
43.069697060 3028
43.081965799 4006
43.093045196 4006
43.097155376 5520
43.118044050 5520
43.129073344 6056
43.137910174 6056
43.154083334 4101
43.165117532 5615
43.180535739 4101
43.190153461 4542
43.201199462 6056
43.226207365 4542
43.238135900 4542
43.259089109 3028
43.263165515 4542
43.275100512 4542
43.297630657 4542
43.300134709 6056
43.311170118 6056
43.322866039 5861
43.337103482 4780
43.342586299 6294
43.374065191 3028
43.377202562 4542
43.378654077 6056
43.410131565 4542
43.414707970 6056
43.446196012 3028
43.450777533 4412
43.457960115 5926
43.479993992 4412
43.486838077 5926
43.499884011 6056
43.516950082 4542
43.521820409 6056
43.522904301 6599
43.553914051 3571
43.558969632 5085
43.577988524 2313
43.580046494 3827
43.614968181 3028
43.618300507 4542
43.657455693 2866
43.671635620 1514
43.689666088 3028
43.700438917 4542
43.707210418 6056
43.723618504 4542
43.725733411 5097
43.759988066 1592
43.779850136 698
43.835343505 0
43.858272979 1514
43.862417984 3028
43.906481664 2502
43.914186564 1265
43.945611164 2548
43.979029646 1514
43.987147765 3028
43.991715822 4542
44.009320057 4542
44.018528917 6056
44.044520618 3028
44.044892095 4099
44.055906695 5509
44.097431674 75
44.105727749 1514
44.138704666 3028
44.146540089 4542
44.152748395 4542
44.170801073 4542
44.177227386 6056
44.187812820 7570
44.193908985 6580
44.206881710 5066
44.219822620 5661
44.229122369 4147
44.237835987 5137
44.297104808 0
44.311302917 1514
44.329778934 3028
44.337474513 4542
44.337677744 6056
44.355499161 5991
44.366761792 5991
44.391571470 3028
44.402815841 4045
44.427928178 1782
44.459731703 1514
44.468654233 3028
44.471671235 4542
44.486257393 4542
44.490144830 5063
44.500257410 6577
44.527131057 3549
44.536392544 5063
44.547275081 4123
44.562337853 4123
44.577910461 4123
44.587691599 4542
44.597513824 6056
44.618613717 4274
44.623652312 5788
44.626488811 4574
44.657455552 3328
44.662554430 4842
44.677167691 3028
44.698607846 3862
44.734673114 1514
44.740129370 3028
44.746355328 4542
44.764417056 4542
44.770742546 4698
44.779578403 6212
44.806961897 3184
44.812292399 4698
44.823010428 3951
44.842866990 3951
44.858219536 3951
44.878925702 3028
44.897262999 3028
44.907318085 3028
44.915902369 4542
44.925803330 5581
44.938083734 4356
44.940631193 5870
44.965555053 4356
44.976696455 4365
44.990496908 2562
45.026560193 1514
45.032598628 3028
45.050635614 3028
45.062622590 4542
45.065632993 6056
45.084115730 4542
45.086696374 6056
45.100203421 6056
45.121081510 4542
45.122764285 6056
45.135665618 4817
45.158073325 3044
45.165536334 4558
45.191291720 3028
45.194990219 4542
45.202517194 6056
45.209768108 6056
45.231075949 6056
45.239480880 7570
45.258881190 4542
45.267111358 4457
45.275538781 5971
45.303178794 4457
45.311599450 5971
45.340142164 3028
45.348558692 4542
45.351882076 3905
45.369913599 3905
45.369957871 5419
45.377108756 6933
45.405980824 3922
45.406917968 5436
45.426373329 3922
45.442950633 4542
45.443021413 5142
45.468017444 3628
45.479048763 3628
45.508541492 3028
45.511657345 4542
45.515143012 6056
45.528272081 4542
45.530137610 5625
45.551181314 7139
45.567107404 4922
45.570492687 4922
45.586348907 4922
45.604070296 4542
45.606542078 5158
45.628539034 3644
45.642622391 3644
45.664948406 3028
45.678826118 4542
45.686983621 4542
45.714735408 3575
45.745460036 1514
45.746902798 3028
45.750802862 4398
45.786867392 4398
45.787026547 4934
45.793040199 6448
45.799619417 5078
45.811083359 5078
45.828705464 6592
45.835698327 8106
45.846315169 6056
45.847127326 7195
45.871754440 5681
45.872785690 7195
45.892350002 5681
45.907807750 5268
45.943868640 2240
45.946124288 3028
45.955006101 4542
45.980831192 4542
46.017803638 1514
46.023252650 1875
46.026399606 2327
46.028633471 3841
46.040871728 3841
46.062454048 4916
46.098518794 1514
46.108045390 3028
46.113915530 3028
46.134585336 4542
46.170343508 1514
46.170632915 1830
46.183714510 3344
46.185062435 4818
46.206716895 4818
46.210181097 5696
46.227626777 5380
46.263673294 1514
46.266069122 3028
46.272504870 4542
46.299733527 4542
46.305897815 6056
46.313173223 6589
46.331679072 3561
46.336697408 4088
46.345347705 5602
46.362967669 5069
46.373664615 5069
46.409723104 3028
46.426161193 1514
46.431944494 3028
46.445801523 4542
46.450526624 6056
46.472505011 4919
46.482764973 2258
46.505886307 1881
46.515055210 3395
46.518812785 4909
46.523952427 5244
46.535128982 5244
46.554528919 6758
46.559989946 6758
46.570332942 6056
46.591480957 4542
46.596032258 6056
46.606402907 5257
46.609986157 6771
46.640635794 4998
46.642462223 4998
46.666630694 3028
46.677578490 4542
46.679436996 6056
46.704910888 4542
46.714553465 6056
46.715480674 6056
46.737131262 4542
46.745002030 4671
46.751516851 6185
46.751538464 6476
46.756427832 5167
46.758431626 6681
46.775668819 5167
46.792495842 6552
46.794496505 6552
46.826097951 3028
46.828542992 4542
46.832722880 6056
46.864615153 4542
46.873553514 6056
46.877524956 4542
46.901579411 3807
46.904496933 5321
46.908318641 5650
46.938535353 3357
46.948815310 4091
46.951536439 4091
46.956020535 5276
46.970023532 5276
46.985567003 6790
46.992071545 7570
47.006997317 6056
47.017371590 6056
47.029052537 4823
47.043059966 4823
47.066011797 3309
47.068565511 4823
47.079102749 6056
47.102972518 4542
47.108431335 5810
47.115166939 5810
47.138380774 3733
47.147142137 5247
47.165178265 3979
47.175344487 4542
47.177512299 6056
47.202125325 4542
47.211408710 4989
47.225741060 3475
47.247479098 3475
47.257279037 4542
47.283529272 3028
47.298851042 4542
47.305423366 4542
47.317331697 4542
47.320489456 4784
47.323466091 6298
47.357483672 3270
47.359501914 4402
47.380056607 1257
47.384412290 2771
47.385407305 4285
47.417867930 4542
47.420472925 6056
47.426351163 7570
47.444371010 4542
47.457443934 6056
47.460475965 7570
47.494399985 3028
47.498020691 4542
47.516785432 3027
47.530459996 4247
47.546577940 4247
47.565059882 3028
47.566533275 4542
47.579226221 4032
47.591049673 5546
47.601154357 5546
47.617919549 5546
47.627095737 6056
47.637181518 6056
47.653132044 4542
47.663163761 5723
47.673256908 5723
47.699218660 4200
47.709097769 4533
47.735280824 3028
47.746087041 4542
47.772268733 3028
47.778877749 4542
47.782130377 6056
47.809204145 4542
47.818193083 6056
47.845285670 3028
47.854243691 4078
47.870279571 2564
47.879796964 4078
47.890315042 5509
47.907242047 3835
47.911516454 5349
47.936892477 3918
47.944205265 4542
47.947579545 6056
47.980288176 4542
47.983627579 6056
48.017227453 3028
48.019693025 4542
48.023096966 6056
48.054231145 3926
48.055787441 5440
48.091161177 3028
48.091818048 4542
48.097130821 6056
48.127222457 4542
48.127882271 6056
48.163944674 3028
48.164164580 4542
48.177089977 4542
48.199998376 4392
48.201138109 4499
48.202543751 6013
48.238136712 3135
48.238603415 4649
48.258490331 3028
48.274662058 4542
48.275053948 6056
48.276513644 7570
48.310732153 4542
48.311119557 6056
48.318602876 7570
48.347189170 3653
48.347680080 5167
48.383255255 3028
48.383770307 4542
48.417673970 3028
48.419326207 4542
48.420709124 6056
48.436155456 4542
48.455364588 6056
48.457676228 7570
48.473135288 5703
48.486034986 5158
48.491434801 5158
48.522109652 3997
48.527504570 4542
48.559065783 3028
48.563565659 4542
48.578217137 3028
48.596014456 4542
48.596693925 6056
48.600533721 7570
48.632073313 4542
48.633661448 6056
48.637476965 7288
48.668136333 4260
48.673550590 5774
48.697165430 3028
48.704200862 4542
48.709605606 6056
48.715192151 7570
48.740263360 6056
48.746577433 7570
48.751265125 7570
48.777214925 4542
48.782627631 5152
48.788219769 6666
48.792104970 6666
48.818696872 5152
48.824279572 6666
48.829067969 6422
48.832992051 6422
48.855655933 4908
48.866026407 4908
48.869963034 6422
48.892628167 4542
48.902996960 6056
48.906028723 7570
48.929587569 4542
48.939968295 6056
48.942980349 6056
48.966550342 4542
48.976016749 6056
48.979942055 6056
49.002617120 4542
49.012084506 6056
49.016012007 7570
49.039597025 4542
49.049057952 6056
49.052070540 6056
49.071664968 3851
49.076538970 5365
49.086024988 6879
49.107773146 4542
49.113537246 6056
49.122985799 6056
49.143794802 4051
49.147948320 5565
49.150461965 7079
49.179862199 4542
49.184904176 6056
49.187416579 7570
49.216495894 4542
49.221867704 6056
49.224385531 7570
49.252902370 4542
49.257935420 6056
49.261355781 7570
49.289844873 4542
49.294030302 6056
49.298316278 6682
49.326815657 3654
49.334383189 5168
49.363773047 3028
49.370449956 4542
49.386333589 3028
49.400776169 4542
49.406542130 6056
49.431918337 4409
49.437702691 3863
49.439397947 5377
49.474676081 3996
49.475433990 5510
49.505718195 3028
49.510761203 4542
49.511502178 6056
49.547602804 4542
49.547683682 6056
49.573748596 3028
49.583634072 4375
49.584645835 4534
49.592883530 6048
49.620725508 4534
49.625174265 4701
49.657676329 3028
49.693743548 1514
49.709305533 1514
49.714098453 2878
49.729793661 4392
49.732538147 5906
49.765866323 2199
49.785514493 1514
49.801932356 3028
49.837140131 1514
49.867869550 1514
49.871422667 3028
49.873172220 4111
49.893071429 4111
49.909269896 4520
49.912025889 6034
49.945304842 3028
49.948083514 4542
49.980507505 3028
50.009373056 1514
50.016565410 2462
50.027396002 3976
50.052679525 3976
50.068697089 3028
50.074136704 4542
50.087204053 4542
50.088683859 5486
50.109680462 5486
50.123904035 5486
50.148030329 3028
50.150777509 4542
50.159964368 3717
50.188010774 3717
50.195329500 5231
50.196005703 5231
50.226249483 4542
50.232986813 6056
50.254830683 3028
50.269043959 4542
50.290898283 3028
50.293187783 3361
50.298822958 4554
50.305104819 4554
50.341171039 4554
50.345594742 4542
50.354863971 3028
50.371848658 4542
50.377228157 6056
50.413282282 3028
50.428331253 1514
50.440307885 3028
50.446376884 3632
50.449347109 4873
50.475925513 4873
50.485407297 4873
50.511993678 3028
50.514288547 4542
50.522424752 6056
50.548044845 4542
50.557572317 6056
50.580706304 3028
50.586414076 3572
50.593645170 5086
50.620164230 3572
50.629701693 3935
50.640718284 2340
50.666471469 2340
50.673643816 3491
50.676784228 5005
50.705197164 4542
50.712838387 6056
50.723230384 6056
50.748907478 4542
50.753914856 6056
50.759285406 5663
50.784962838 4149
50.795352418 5663
50.821042176 3028
50.831430299 3416
50.831606865 4930
50.868407861 3416
50.891877152 1514
50.897847808 2043
50.904450468 3557
50.940507321 3557
50.955066397 1514
50.976557643 2052
50.992571827 2052
51.011774351 3028
51.027464247 3028
51.047821008 1846
51.056820663 3360
51.083033030 3028
51.111401079 1514
51.119113736 3028
51.128285626 3414
51.129429935 4928
51.164369736 3414
51.165487956 4928
51.197526551 3028
51.201545921 3765
51.218752731 2251
51.237604788 3765
51.259053771 3028
51.273706939 2958
51.305819543 2958
51.309738417 3028
51.323836510 4542
51.336850320 4542
51.345847825 5440
51.379456321 2412
51.381849361 3926
51.396648615 4469
51.416199254 4049
51.452247266 1514
51.465608464 3028
51.479845048 3028
51.483643282 3505
51.488299886 5019
51.519695757 3505
51.524365064 5019
51.539807089 3028
51.555761486 4542
51.560428035 5158
51.596483378 2130
51.620465419 1007
51.622948090 2521
51.625543589 3188
51.643597450 4702
51.656535957 5209
51.679636664 3695
51.692607275 4542
51.697015265 4542
51.716596519 4542
51.727800550 4749
51.764749698 1721
51.772404292 1939
51.786070883 1083
51.804094045 2597
51.857749123 0
51.873178549 499
51.911722672 1514
51.917651356 3028
51.929760113 2986
51.947399807 4175
51.965003741 4175
51.991486717 3028
52.000629231 3028
52.031625141 1922
52.060072263 1514
52.067450440 3028
52.106619516 2600
52.111894095 2600
52.124237448 3028
52.129921324 4542
52.137540110 6056
52.159429493 7570
52.165113253 5189
52.176995910 5189
52.200313675 3675
52.203043014 5189
52.235554359 2687
52.266290651 1366
52.284818465 2880
52.340425637 0
52.351518304 1514
52.358125641 3028
52.427134208 0
52.433715730 1514
52.444816256 3028
52.451754586 4348
52.493046394 1467
52.497896080 189
52.511297448 1076
52.552385456 1514
52.580345635 1514
52.585320006 3028
52.592997721 4542
52.597950749 6056
52.603361292 6186
52.631301196 4672
52.639421882 4672
52.648896057 4672
52.674700533 4542
52.684090503 4542
52.687341762 3166
52.696741559 4680
52.709818733 4680
52.743182603 3028
52.745010442 2369
52.781079189 2369
52.817137632 1514
52.819781305 3028
52.827313166 4542
52.844925599 4504
52.853203906 6018
52.880953705 3028
52.881765822 4542
52.889274829 5548
52.917021506 4034
52.924473723 5548
52.939466360 3028
52.960533632 4542
52.966709304 4542
52.991534358 2781
52.997492696 4295
53.017644794 3028
53.020210757 4542
53.033574967 6056
53.036135635 7570
53.056280016 5756
53.065785450 7270
53.069614472 7270
53.092337476 4542
53.102746824 6056
53.105687792 6056
53.128399599 4542
53.138629434 4961
53.139694472 6475
53.141728018 7989
53.175590317 4961
53.176685437 6475
53.178713763 7570
53.212567741 4542
53.213620270 6056
53.215686429 7570
53.249525482 4542
53.250615132 6056
53.251772812 7570
53.286522448 4542
53.287563885 6056
53.288684073 6584
53.323449823 3542
53.325318215 5056
53.337508638 5056
53.360422519 4542
53.361375643 6056
53.379940788 4542
53.397368258 4542
53.397421529 6056
53.398423547 7570
53.433436252 4542
53.433480694 6056
53.435386854 7570
53.469485100 4542
53.469578749 6056
53.471455780 6998
53.474579722 7128
53.492556154 5614
53.505564909 5614
53.542510757 1514
53.548065884 3028
53.578589041 3028
53.615536631 1514
53.618187694 3028
53.627705928 4542
53.636218060 4542
53.645301129 5899
53.651608684 7413
53.668574584 5899
53.680526160 5899
53.687718830 5730
53.704610609 5730
53.723716811 4216
53.740663922 4542
53.759776052 3028
53.776722312 3028
53.788419262 4164
53.796758091 4164
53.806909074 5678
53.817806292 5678
53.833713584 6056
53.840563297 6056
53.843906606 7570
53.869793547 4542
53.876592693 6056
53.905851424 3028
53.907707959 4542
53.912663252 4945
53.942818454 3431
53.946745038 4945
53.949659362 6459
53.965261713 4542
53.979763373 6056
53.985680421 7570
54.002200154 4481
54.016721095 5995
54.020280568 5995
54.038259630 4542
54.052785067 6056
54.056354805 6056
54.074320562 4542
54.089750933 6056
54.092398330 6056
54.111289088 4542
54.126725231 4542
54.128450595 6056
54.148262591 4542
54.163694071 3714
54.164526409 5119
54.198019538 3605
54.200579130 4433
54.234934355 3028
54.236680276 4542
54.266222877 3028
54.272715428 4542
54.274691762 6056
54.290492412 4542
54.307953758 4870
54.308806303 5083
54.344831527 1727
54.380940155 1514
54.395404345 609
54.426338941 2123
54.431463145 3028
54.434302213 4542
54.443934035 6056
54.467544295 4837
54.472907426 6351
54.514273827 1599
54.518367753 1599
54.578071783 0
54.590908711 1514
54.610085918 2686
54.660367500 0
54.714889292 0
54.733595479 1514
54.736824200 1895
54.745152943 3409
54.773241916 3409
54.779084935 4923
54.792921116 4542
54.801857447 4542
54.808416303 4685
54.843619836 1657
54.854858675 3028
54.878846207 2247
54.897312592 2247
54.915344577 3028
54.915791348 4542
54.951412088 3028
54.951863581 3814
54.955155696 3929
54.998702050 2415
55.026884641 256
55.057611732 1514
55.075617669 1514
55.093046182 3028
55.111699381 2548
55.135679301 1766
55.147959611 2197
55.186367894 1514
55.216765996 1514
55.225385544 3028
55.234334422 4542
55.243420305 4542
55.269538008 3410
55.271400321 4924
55.289001504 3410
55.305600868 4542
55.324222651 1604
55.359399197 1514
55.377571547 1514
55.390831002 3028
55.394646708 4439
55.395598535 5953
55.429815198 4439
55.431665156 5953
55.465019211 3028
55.467731781 4542
55.468669095 5894
55.500232291 4380
55.530690847 1514
55.536996793 2929
55.537181381 4443
55.555496858 4443
55.573243006 5957
55.588292923 4542
55.592436482 4542
55.610217818 4542
55.625404847 4542
55.628516381 6056
55.646271547 4087
55.667378510 4000
55.680256855 2941
55.685863967 4455
55.698767080 5919
55.716331026 6006
55.721645787 6006
55.752386282 3028
55.758575650 4542
55.767555310 4542
55.788434307 4185
55.795567029 5699
55.825405338 3028
55.832487174 4542
55.862367893 3028
55.868548369 4542
55.898446066 3028
55.904573329 4542
55.904605468 5827
55.928389821 3797
55.935391806 5311
55.964446722 3028
55.971465159 4542
55.977112510 3455
55.981635606 4969
55.995144816 4969
56.000531656 6483
56.017688718 6483
56.031203187 4542
56.036571399 6056
56.054651808 4542
56.067271629 4542
56.072621844 6056
56.091624277 4542
56.103324667 6056
56.108679425 6056
56.127669302 4542
56.139388077 4542
56.145649083 6056
56.164709675 4542
56.176356782 6056
56.181757265 6056
56.187624753 6304
56.200708637 4790
56.213322870 4790
56.223682413 6304
56.237653996 6056
56.250284289 3782
56.255617390 5296
56.259742336 6810
56.287252016 4542
56.291682743 6056
56.295795188 7570
56.324237000 4542
56.328643068 6056
56.331874728 7570
56.361181366 4542
56.364720808 6056
56.368817125 7570
56.398140727 4542
56.400775442 6056
56.405803104 6172
56.435089417 3144
56.441856790 4658
56.472075417 3028
56.477915977 4542
56.507622825 2761
56.509017812 4275
56.513364294 5789
56.543676099 4542
56.545988193 6056
56.552673677 7570
56.579729541 3726
56.582040027 5240
56.591679066 6754
56.615802913 4542
56.618111687 6056
56.651863420 3028
56.655061535 4542
56.672536878 2935
56.688820710 4449
56.689758243 5963
56.690567989 7477
56.725795637 3682
56.726781390 4180
56.737948143 4180
56.752064197 3526
56.762845780 5040
56.774908826 6554
56.791468948 4542
56.798917850 6056
56.810967827 6056
56.834976098 4542
56.835810267 6056
56.847093681 6056
56.853014835 6056
56.871871628 4652
56.883086573 4652
56.907931003 3028
56.915137658 4542
56.919218916 6056
56.944902642 4542
56.954313582 6056
56.955205791 7570
56.981860553 4542
56.987008902 4758
56.991290827 6272
56.994885479 7786
57.012927460 4758
57.023143771 6040
57.027352776 7554
57.059169472 4310
57.063392429 4542
57.074854940 4542
57.096085821 4542
57.099453694 6056
57.112279471 4542
57.130777924 4542
57.133052027 6056
57.135542595 7570
57.167728587 4542
57.170020489 4618
57.172490895 6132
57.192738010 4618
57.206076568 4618
57.208550116 5847
57.222666361 3336
57.236082705 4850
57.258738077 3621
57.272308023 4542
57.295686926 3028
57.303148231 4542
57.324295395 2904
57.331775468 4418
57.345503961 4418
57.361264336 3958
57.367826460 5472
57.433858021 0
57.451902096 1514
57.458068761 2198
57.466039890 3712
57.471278556 5226
57.488097601 5226
57.504241163 5337
57.508233375 5337
57.525900947 3823
57.553526732 3103
57.579939073 1514
57.588024621 3028
57.594676038 4542
57.622276352 4335
57.635136495 3507
57.656771389 2200
57.662238524 3714
57.672893144 4396
57.674824255 5910
57.710883131 4396
57.712935118 4542
57.732522204 3028
57.746574087 4133
57.746928503 5647
57.782992778 3028
57.792577760 4542
57.804091840 3028
57.819060104 4457
57.855118414 1514
57.865397112 3028
57.865605761 3727
57.874826840 3727
57.892092732 5241
57.928134215 1514
57.944913156 1066
57.952152905 1639
57.953536642 3153
57.987867608 3601
57.989644129 5115
58.009225026 3028
58.025661401 3966
58.025738182 5480
58.032339328 6994
58.060858649 5480
58.074741067 6056
58.096062870 3028
58.106965611 4542
58.132138621 3028
58.132425197 3896
58.150555863 3545
58.153318618 4324
58.153380156 5838
58.190290130 3807
58.190346773 5321
58.191603153 6835
58.209635323 5321
58.226339298 6056
58.227305402 7570
58.262395839 3028
58.272702158 4542
58.274143923 6056
58.298464861 3657
58.304812569 5171
58.306646204 5761
58.335460080 3618
58.344437127 3987
58.347971111 3987
58.352596580 4911
58.370683592 4911
58.381400451 6425
58.385670199 7939
58.413934204 4542
58.418355721 4807
58.426460538 4807
58.441085634 3293
58.465435605 4003
58.477319960 4003
58.508218813 1886
58.513768999 3400
58.531797922 3028
58.538715758 4542
58.548140352 6056
58.556751866 7570
58.566176215 6056
58.586262190 5158
58.591654120 5158
58.619849946 3028
58.624805550 3490
58.636064270 5004
58.644980987 2046
58.665157870 2778
58.675217792 2316
58.697187752 3028
58.705863897 4542
58.711574503 6056
58.726019634 4542
58.745053672 5117
58.755329964 5117
58.779605066 2161
58.787519862 3349
58.825742832 2702
58.833584561 3028
58.851619129 3028
58.859511833 4542
58.862864396 6056
58.868322701 6509
58.877551790 6509
58.908334614 3481
58.913615887 4995
58.914184152 5629
58.946410231 3662
58.975963323 1514
58.988756569 2903
58.994420556 4417
59.012506227 4417
59.018687655 4784
59.026479939 6298
59.033896281 6423
59.036720687 7937
59.065198764 6056
59.066859470 7570
59.072786165 7570
59.102064173 3219
59.105818423 4733
59.137255784 3028
59.145834960 4542
59.167515683 3028
59.174221997 3612
59.179471802 5068
59.186363539 6582
59.197509318 5068
59.208902383 6582
59.228148829 6056
59.233619083 6056
59.244971495 6056
59.269628384 4542
59.281033840 3786
59.305497672 2272
59.317991347 3786
59.323977480 4542
59.338078027 4526
59.354954605 6040
59.356553353 7554
59.360594274 7554
59.391017191 4542
59.393518563 5686
59.397525458 7200
59.418260511 4172
59.429621119 5686
59.433595223 7200
59.454322849 4542
59.465649162 6056
59.470542246 6056
59.489574359 3806
59.491306072 5320
59.501707892 6834
59.504976041 5454
59.533138582 4676
59.541942538 2336
59.545710667 3850
59.552854948 5230
59.578900621 5230
59.585392474 6056
59.594675856 6056
59.615877205 4542
59.623147030 6056
59.635528754 5581
59.652838371 4067
59.672774608 3028
59.673731552 4542
59.689813452 4356
59.726772907 1514
59.746628735 1514
59.751643836 3028
59.763713883 4542
59.765100674 6056
59.769679652 7569
59.799784780 6055
59.805729631 5482
59.822190656 3969
59.827261130 5483
59.840936062 5483
59.845305143 6997
59.858252400 6056
59.876172255 6056
59.881359881 5561
59.899021092 5561
59.899820961 5561
59.918330618 5561
59.930417838 6056
59.935026261 6056
59.954380633 6056
59.967376012 3746
59.971491359 4772
59.971989405 6286
60.008442874 4054
60.008956999 5568
60.045400867 3028
60.045912326 4542
60.057483317 6056
60.075974263 4542
60.081470825 6056
60.082893006 7570
60.112940353 4542
60.117527883 5457
60.118958655 6971
60.153597176 3943
60.155009168 4063
60.156454977 5264
60.184327169 2835
60.192519096 4349
60.216822492 3028
60.221296091 4542
60.228570991 6056
60.235315819 7570
60.257353061 6056
60.265531233 6056
60.272267869 6056
60.293411350 4542
60.301601135 6056
60.309232802 6056
60.329477470 3762
60.337663666 5276
60.353453004 2895
60.366440489 3675
60.377820174 5189
60.390431615 4542
60.395852640 6056
60.403412876 7570
60.427378330 5759
60.431917001 5759
60.433459198 7273
60.464355228 4542
60.468017181 6056
60.469173859 6732
60.500404555 3704
60.512265551 5218
60.537372254 3028
60.543576536 4542
60.574326089 2674
60.583663932 3056
60.613460315 1896
60.620632062 3310
60.632512680 4442
60.656678755 4442
60.657582670 5956
60.672619913 4542
60.674706475 6056
60.690671519 6056
60.693652535 7315
60.710781201 5801
60.729705608 5801
60.753528353 4287
60.765768268 2648
60.795679099 2648
60.801826080 4162
60.818165860 3028
60.832058948 4542
60.837901725 6056
60.850540208 3800
60.856280738 5314
60.886591833 3800
60.892338287 3266
60.897287894 4780
60.928397411 3197
60.953003558 1514
60.964459584 3028
60.977662595 3028
60.992138231 4542
61.000518589 4542
61.010167940 6056
61.020122560 6056
61.036650902 6056
61.038624473 7570
61.046232632 6236
61.072653473 2717
61.072688036 4231
61.108703702 3028
61.124423675 642
61.138289246 2156
61.151561914 3670
61.156766035 4542
61.161351349 6056
61.169596371 7570
61.192837371 6056
61.198302381 6914
61.205658243 6914
61.222908895 4610
61.234368987 4610
61.258952883 3028
61.270430907 4542
61.295017387 3028
61.298282801 4542
61.307401563 6056
61.330735634 4542
61.331983038 4698
61.344363809 6212
61.368061903 3184
61.377473341 4698
61.380926740 6212
61.404104840 4542
61.416475918 4542
61.417370511 6056
61.441059951 4542
61.452550225 6056
61.458756108 6056
61.477238977 4542
61.478032360 5369
61.485702748 5683
61.488596922 7197
61.499802795 7197
61.522649983 5683
61.524662542 7197
61.538611328 6056
61.558717319 4542
61.561626863 6056
61.577288157 4542
61.595681895 4542
61.598596937 6056
61.619581411 4542
61.632652261 3314
61.635549279 4828
61.659098738 3314
61.669621747 4542
61.672532032 6056
61.677567991 6356
61.679843100 7870
61.705672411 6356
61.716810123 6356
61.738117115 3028
61.742635543 4542
61.752873505 6056
61.759606551 6056
61.778698463 5982
61.788924817 5981
61.815633640 3027
61.819521837 4541
61.825890527 6055
61.852605550 4542
61.858218469 6056
61.861953950 7570
61.876253863 6056
61.889562825 6056
61.898912193 7570
61.913232806 4542
61.926526889 6056
61.934984762 6056
61.949287229 5510
61.958041806 4431
61.959642699 5945
61.963488517 7459
61.994097607 4977
61.996606062 6491
62.000452224 8005
62.030155901 4071
62.032625159 5585
62.033566060 7099
62.062883033 4542
62.066218998 6056
62.070540429 7570
62.099848268 4542
62.102277314 6056
62.107500653 7570
62.139245014 4542
62.144141298 6056
62.144458113 7184
62.157896985 4706
62.176201750 4706
62.191514449 3945
62.194580723 4909
62.194850891 6423
62.209542417 5295
62.231554051 6056
62.231814068 7570
62.267877051 3028
62.272802942 4542
62.291287520 3028
62.303935008 3682
62.305265853 5196
62.323291949 5196
62.340891711 4831
62.353962661 5691
62.372005641 4177
62.377862413 4542
62.385152453 5230
62.394243661 5230
62.427521028 3716
62.430309109 4542
62.432944635 6056
62.451434493 4542
62.464993215 4653
62.467268731 6167
62.483023606 4653
62.504241071 3164
62.512997387 4678
62.531052017 3164
62.541212128 4542
62.547427902 6056
62.567092317 4542
62.577256272 6056
62.585186807 6056
62.603154601 4542
62.613317486 6056
62.622347214 6056
62.639209020 3536
62.647168359 3870
62.649378350 5384
62.668064671 3870
62.683242470 4876
62.686349028 6390
62.692463473 6306
62.706863528 4792
62.720184506 4792
62.729426018 6306
62.757147975 3028
62.765469805 4542
62.794118337 3028
62.801536857 4542
62.803846696 6056
62.827210534 3837
62.831091341 5351
62.837606884 6865
62.868049965 4542
62.873662730 6056
62.904104556 3028
62.909718892 4029
62.928541193 2515
62.945778861 4029
62.965497379 3028
62.969509621 4542
62.982747975 3830
62.985604207 5344
63.001561620 5344
63.018799908 4542
63.037619033 4542
63.054864853 3028
63.073697877 3028
63.090986919 3028
63.109761547 3028
63.127837835 3028
63.127882730 3859
63.146766890 3859
63.148433332 5373
63.163970506 5373
63.182773431 4542
63.191274030 4898
63.200005800 3384
63.227320089 3384
63.228712509 4898
63.236075161 6056
63.263376735 4542
63.272131579 6056
63.284351527 4542
63.300331789 3236
63.308194425 4750
63.308472615 6264
63.336394006 4542
63.344258060 6056
63.348433550 7570
63.373369163 4542
63.380321727 6056
63.410332201 3028
63.416374715 4486
63.423224060 6000
63.445922692 3642
63.452439147 5156
63.465200485 5212
63.482898058 4542
63.483226168 6056
63.488705310 7570
63.519850143 4542
63.524580714 6056
63.556808467 3028
63.560639689 4542
63.593818993 3028
63.597588357 3873
63.600980989 5387
63.614407297 3598
63.624892848 5112
63.634548289 6626
63.651372565 5781
63.652687722 6056
63.670613117 6056
63.687422151 4542
63.705871813 4542
63.706665638 6056
63.723489388 4542
63.741963085 4542
63.742728569 5092
63.748685119 6606
63.759544388 5092
63.779690578 5092
63.785649964 6606
63.796509205 6056
63.815752531 4542
63.821707110 6056
63.833477412 6056
63.851823287 4356
63.865106455 5870
63.865512084 7384
63.887877563 4542
63.894739029 6056
63.901167333 6056
63.924863235 4542
63.931700089 6056
63.937229448 6056
63.961827590 4542
63.968654218 6056
63.973296033 7570
63.998766362 4542
64.005616371 6056
64.008247143 6164
64.009356048 7678
64.035746489 4650
64.045212739 6164
64.045402763 7678
64.049155186 6321
64.072689598 4699
64.082178259 6213
64.085207122 7727
64.109655840 4542
64.119164449 6056
64.121271632 7570
64.146618897 4542
64.156126903 6056
64.157328114 7570
64.183585957 4542
64.193074194 6056
64.193389971 7570
64.220544438 4542
64.229458012 6056
64.230041657 7570
64.257508605 4542
64.265521077 6056
64.266989442 7570
64.294468183 4542
64.301582776 6056
64.303957970 7570
64.322306077 3779
64.331437614 5293
64.337652019 6807
64.359273122 4542
64.368391814 6056
64.373701820 6023
64.396219724 4509
64.404574768 6023
64.410668893 6023
64.432279971 4542
64.441521536 6056
64.447642955 7570
64.469242385 4542
64.478479956 6056
64.483712069 7570
64.506204074 4542
64.515441253 6056
64.519749613 6927
64.543162881 3899
64.555815061 5413
64.580132504 3028
64.591875106 3028
64.617096099 3028
64.617783374 4542
64.627936085 6056
64.654075347 4542
64.657829847 6056
64.664016021 6451
64.691044348 3423
64.700064327 4937
64.727135860 3028
64.736118618 4542
64.737818866 6056
64.764051261 4542
64.772193469 6056
64.794866620 3028
64.800107948 3759
64.808291565 5273
64.836171972 3759
64.844307606 4542
64.873138912 3028
64.880382424 4542
64.900763512 3028
64.910104701 4542
64.916432903 6056
64.937009077 4542
64.947076621 5061
64.952501322 5061
64.984031118 3547
64.988562525 5061
65.020083596 3028
65.024626050 4542
65.057062500 3028
65.060678648 4542
65.060692192 6056
65.081465917 4542
65.093114521 5587
65.096744524 7101
65.129166856 3028
65.132807639 4542
65.165233337 3028
65.168856145 4542
65.202192267 3028
65.204917547 4542
65.217560895 4542
65.231409813 4191
65.239158414 5705
65.240977253 7219
65.275256504 4542
65.277042697 6056
65.311282098 3028
65.313105658 4542
65.347340880 3028
65.349161164 4542
65.367384467 3028
65.384307804 3953
65.386129274 5467
65.418825085 3028
65.420365606 4542
65.422187453 6056
65.456432821 4542
65.458259387 6056
65.492495508 3028
65.494309128 4542
65.503231813 6056
65.529455763 3855
65.530374698 5369
65.566422934 3028
65.566438169 4542
65.581724516 2156
65.603374419 3670
65.617800301 5184
65.618608247 4542
65.640334856 4542
65.646508566 6056
65.653896831 6385
65.677368389 3357
65.689907068 4871
65.714264213 3028
65.725981565 4542
65.738279591 3555
65.751231073 3555
65.754186728 5069
65.785819472 4542
65.788191325 3696
65.807222773 1467
65.843287298 1514
65.865964518 1514
65.879355312 2473
65.897572912 2473
65.912953699 3987
65.925933276 4542
65.930025128 3400
65.976982245 260
65.986119134 1514
65.994596301 3028
66.010198503 4542
66.029847700 3912
66.065004715 1514
66.066639752 3028
66.073957815 3305
66.100199423 3305
66.107319225 4819
66.135392891 3028
66.154239755 3028
66.171470898 2112
66.203920584 1514
66.207527474 2088
66.232998195 2088
66.243613579 3602
66.259025525 3676
66.266444230 3676
66.292728053 3028
66.295070086 3731
66.339494086 2217
66.348615614 1514
66.378924241 2082
66.392586672 2082
66.403269655 3028
66.418921913 3603
66.430815457 3603
66.456837287 3028
66.486858800 1514
66.498773796 2178
66.511573514 2178
66.539559192 2981
66.560385840 2981
66.585239609 2399
66.592924695 2399
66.624016386 3028
66.633565456 3709
66.671535871 2195
66.699111585 277
66.746570797 1200
66.764583936 1514
66.777750677 1966
66.794888540 3480
66.818522196 3028
66.831724660 3028
66.840240826 4542
66.866623896 2143
66.898805429 443
66.901582954 1957
66.939211589 1919
66.979902954 1514
66.994114839 1514
67.020693483 3028
67.028180069 3028
67.031956560 4542
67.038310179 5396
67.068241070 5169
67.074736780 5169
67.113105452 3028
67.123426321 1514
67.153326501 2926
67.170940266 2926
67.184900579 2552
67.212972225 2552
67.225075448 3025
67.230959873 4539
67.231530761 6053
67.249610149 6053
67.264855825 6056
67.282879678 4542
67.285624132 3162
67.321699471 1648
67.353287935 971
67.378063227 1514
67.379987390 1628
67.387106387 3142
67.392432268 4656
67.415495199 4656
67.421120124 6170
67.451537751 1822
67.460033821 3336
67.487599463 2287
67.511952971 1514
67.523652480 3028
67.546099439 3028
67.551949276 4542
67.559712704 6056
67.564119935 6056
67.591306289 4861
67.595766666 4861
67.608914901 4861
67.631846761 3483
67.632443414 3755
67.672382400 1786
67.697351596 1514
67.712132186 3028
67.712908388 4542
67.715375620 5572
67.730162838 5572
67.751451888 5572
67.766221249 4542
67.787510636 2617
67.787979945 3056
67.831799026 1953
67.857143428 1514
67.865033778 3028
67.873586563 4542
67.875178497 6056
67.903940728 6056
67.909175129 5194
67.911247889 6158
67.914266526 7672
67.947311927 4644
67.952881440 6158
67.982511407 3028
67.986643469 3206
67.988701375 4720
67.993291777 6234
68.023603613 4720
68.032001876 6234
68.055856021 3028
68.059682777 3656
68.065722739 5170
68.073375825 5170
68.084197020 5170
68.095745954 6684
68.113157579 6056
68.121161698 4542
68.132701565 6056
68.153839080 4542
68.158130931 6056
68.169657559 5733
68.187210835 4219
68.189211408 5733
68.206630373 5469
68.209515023 5792
68.224172884 5792
68.243585568 4542
68.245577998 6056
68.261132935 4542
68.279663285 4542
68.281642280 6056
68.298103893 4542
68.315717573 4542
68.318599925 6056
68.335061646 4542
68.352670723 4542
68.354657211 6056
68.372024459 4542
68.388438297 3717
68.389629619 5231
68.390727259 6745
68.426208424 3483
68.426602700 4997
68.433052196 6511
68.463560864 4542
68.466210543 6056
68.473850489 7570
68.500520757 4542
68.506491418 6056
68.512024652 6056
68.532695600 4542
68.537494921 6056
68.551712586 6056
68.569637662 4542
68.573541178 4808
68.578357401 6322
68.595355386 3933
68.610507908 3933
68.633653397 3028
68.647517056 3028
68.665191327 3028
68.674095897 4542
68.684433257 4542
68.705090210 4542
68.713093281 6056
68.720504444 6056
68.723581284 7570
68.731076896 7570
68.754639821 6883
68.756554172 6883
68.760540060 8397
68.791690382 4542
68.792614538 6056
68.797499321 7570
68.814118235 5223
68.828722482 5223
68.833569996 6737
68.865201058 3028
68.865634028 4542
68.888048127 3028
68.896147929 4542
68.902605243 5467
68.925005642 3953
68.939569380 3953
68.952151396 3028
68.961993874 4542
68.976541698 4542
68.991846251 4542
68.998080389 6056
69.007062180 4921
69.012595877 4921
69.043117461 3407
69.049553257 4542
69.079197896 3028
69.085620044 4542
69.094994792 4542
69.114647876 3872
69.115242397 5386
69.121682540 6900
69.151320114 4542
69.157735872 6056
69.187382204 3028
69.193807755 4542
69.201007420 4845
69.223434534 3331
69.237071106 3331
69.250578659 4542
69.260398908 4299
69.274040378 4299
69.296451266 4299
69.311668425 4542
69.330150699 3028
69.331154273 4542
69.332510893 5031
69.364280505 3337
69.367122677 4851
69.379488552 4851
69.400368186 4542
69.404067245 6056
69.436411445 3028
69.441036819 4542
69.472491272 3028
69.477999585 4542
69.508531930 3028
69.514054094 4542
69.523433917 4542
69.545490479 4130
69.550133827 5644
69.581553533 3028
69.586179657 3207
69.618587518 1693
69.622237395 3207
69.625250039 4721
69.658310695 4542
69.694367981 1514
69.717950847 1514
69.729570577 2454
69.739563344 3968
69.758284837 3968
69.765636699 5030
69.785062958 3645
69.791130275 3645
69.826297749 3028
69.856671824 1514
69.861495165 3020
69.897554565 3020
69.900866381 4534
69.933625160 2608
69.946093715 2608
69.964147079 3028
69.968842599 4542
70.000188374 3028
70.004882250 3881
70.020114632 3881
70.040974054 3881
70.068400978 2667
70.104470568 1514
70.105460134 3028
70.123515043 3028
70.137845997 4542
70.140548235 6056
70.155877424 6056
70.159556715 6056
70.176586808 5253
70.191948670 3739
70.211804334 3739
70.228001691 3028
70.247868969 3028
70.264065545 3028
70.265768718 4542
70.284257143 4542
70.284840102 6056
70.300125710 6056
70.320881792 4542
70.321209989 6056
70.336187854 4260
70.356935856 4260
70.372255708 4542
70.393001896 2996
70.405567876 1997
70.407546701 3511
70.425460229 3543
70.442578251 5057
70.443959876 6571
70.444524547 7570
70.478595242 4542
70.480567348 6056
70.480900400 7570
70.514655469 4542
70.516634025 6056
70.516965027 7404
70.549867321 3202
70.586571390 1514
70.586819542 3028
70.605043592 3028
70.618030114 4542
70.623797841 6056
70.642020405 4542
70.659243958 4542
70.660752363 5073
70.672101672 4035
70.678072528 4035
70.699759830 3832
70.708149749 5346
70.744216018 3028
70.745368298 4542
70.780277004 3028
70.780609804 4542
70.800634898 3028
70.816135398 3351
70.816328494 4396
70.852400712 2559
70.888531768 1514
70.899693530 3028
70.924551258 3028
70.940027293 3028
70.952706257 2949
70.960588558 4211
70.995791181 2776
71.019548095 1514
71.025393723 3028
71.031863541 4542
71.043443367 6056
71.067899393 4542
71.079510937 4542
71.085306799 4542
71.103974558 4416
71.115569937 5930
71.138053426 3028
71.139174204 4542
71.151608392 4542
71.176128525 4542
71.177872058 6056
71.187667648 4542
71.212197270 4542
71.217959335 6056
71.223739824 7570
71.236002001 6056
71.249154591 5042
71.259791604 6556
71.285214191 3528
71.295857450 4542
71.321275553 3028
71.331921367 4542
71.339230115 4542
71.358243908 4542
71.367998563 6056
71.376068659 6056
71.395211237 3549
71.404058489 5063
71.419980128 3549
71.431268414 4542
71.440098632 6056
71.459128736 4542
71.467341432 6056
71.476167905 6056
71.497646744 4542
71.504307852 6056
71.512225189 6056
71.518879793 6056
71.538349322 5218
71.540356176 6732
71.548284331 8246
71.577312159 4542
71.578461971 6056
71.584355115 7570
71.594922677 4986
71.614282374 4986
71.616639613 5082
71.618469667 6596
71.630981855 5082
71.653645555 4638
71.660631457 6152
71.667951229 7570
71.678668174 6056
71.690551955 5217
71.697653504 6731
71.704911647 6731
71.740015053 3028
71.740969161 4542
71.754755979 4542
71.773243317 4542
71.773251564 5244
71.777028693 5318
71.777953308 6832
71.813988586 3804
71.818527057 5318
71.842258884 3028
71.850967040 3807
71.858446778 4996
71.879278155 3482
71.894498216 4217
71.915223284 3028
71.915344189 3628
71.930574504 3628
71.951412386 3628
71.952446501 5142
71.977534663 4542
71.987458353 4542
72.002708893 3028
72.023524104 4542
72.032260652 4542
72.038746130 4542
72.059586541 4387
72.062597453 5901
72.071132900 6498
72.096559039 3625
72.107182657 5139
72.133517254 3028
72.143271251 4000
72.156672327 4000
72.179309528 4000
72.193329223 2656
72.206503387 2656
72.211377825 4170
72.228512652 4329
72.231701381 5843
72.242573297 6215
72.251229415 6215
72.271536669 6056
72.278632591 5292
72.287277548 5292
72.314699909 3778
72.323350828 5292
72.351658788 3028
72.353920999 3121
72.359404705 4635
72.390896772 3121
72.396363789 4635
72.413092587 3028
72.427860701 3972
72.432435421 5486
72.463916225 3972
72.468487120 4542
72.499969672 3028
72.504557446 3423
72.507636889 4625
72.509373143 6139
72.533179863 4625
72.545453032 6139
72.569240633 3028
72.581509963 4542
72.588630555 4542
72.605314241 4542
72.617567386 6056
72.641359190 3028
72.642602447 4542
72.653636628 4101
72.677427723 3655
72.705006804 1514
72.713485243 3028
72.723499026 4063
72.738762865 4063
72.739648025 5577
72.757690574 5577
72.760452928 7091
72.797420566 3028
72.799234701 4542
72.832690984 2943
72.833476824 4457
72.855170059 3028
72.869541234 3981
72.897416548 2467
72.906503172 3028
72.915454092 4542
72.942577521 4542
72.951524189 4542
72.951761989 5070
72.978635395 3556
72.991075568 3333
73.018424866 2107
73.057469915 1514
73.064804439 3028
73.072026263 3028
73.075503136 4542
73.090065834 6056
73.107933178 6056
73.111577381 7570
73.125977796 5221
73.130932234 3875
73.138304237 4370
73.188901357 0
73.192351578 1514
73.217208975 3028
73.226340492 4542
73.235239470 6056
73.235269288 7570
73.244812400 6056
73.267304070 7570
73.271304683 6344
73.280879182 5262
73.314277499 1957
73.354505935 1514
73.378556241 1514
73.396591697 3028
73.407022574 3028
73.421050590 3448
73.432638734 2943
73.474377202 1282
73.500177621 1514
73.514940506 3028
73.536755436 3028
73.548279241 4542
73.554780409 3287
73.562859532 4801
73.590847156 2403
73.632500125 347
73.657844662 1514
73.673556213 3028
73.691596812 3028
73.697603261 3111
73.703785581 4625
73.715201400 4368
73.750420786 2771
73.779468861 444
73.792823986 1958
73.832897218 1514
73.838066421 3028
73.850934605 2679
73.858861546 3008
73.876466666 4522
73.909889204 1514
73.911673374 3028
73.915424004 3186
73.950634870 3186
73.951396332 4700
73.969433138 3028
73.978324113 4542
73.985827635 4854
74.005494791 3340
74.021041340 2140
74.034594327 3342
74.056232871 3028
74.065279711 4542
74.092304604 3028
74.107720671 2671
74.113555101 4185
74.119865013 4185
74.152973271 4542
74.155907169 6056
74.171002752 4542
74.191986320 4542
74.207055815 3028
74.212545410 3515
74.225509694 2467
74.228049044 3981
74.232065713 5495
74.254153446 5495
74.264109263 6056
74.272374044 7497
74.290217651 4469
74.298433603 5983
74.334479275 3028
74.346698948 3028
74.350857105 2711
74.380228922 3656
74.386926669 3656
74.392897833 5170
74.405398117 4542
74.408405448 6056
74.411381025 6397
74.417633685 7911
74.442376442 6397
74.447440285 6397
74.458971153 6397
74.479337195 6056
74.483505533 6056
74.516314791 3028
74.519561020 4542
74.552354538 3028
74.555625856 4542
74.565256009 4215
74.589319352 3999
74.594122280 4887
74.610993889 3700
74.616878621 3916
74.635361538 5430
74.647059838 4542
74.672335203 3028
74.674990075 4542
74.683121428 6056
74.696572672 6056
74.708406047 5603
74.719179024 7117
74.744465309 4089
74.756205045 4542
74.780512548 3028
74.792215053 4542
74.792599174 6056
74.817480917 4542
74.829166169 4285
74.832108727 5292
74.848179985 3778
74.850135998 5292
74.853186888 6806
74.884231588 4542
74.886197124 6056
74.889212510 7570
74.921180809 4542
74.922256121 6056
74.945973160 4542
74.957253843 4542
74.958317397 6056
74.964475014 7570
74.994220065 6056
74.994379716 7570
75.001413311 7570
75.031179684 4404
75.031357999 5918
75.067411178 3028
75.068136396 4542
75.104370608 3028
75.105096359 4542
75.105444936 6056
75.123516378 4542
75.141343421 6056
75.142064493 7570
75.159547650 6056
75.178133558 3894
75.178301033 5408
75.214188519 3028
75.214353026 4527
75.249889315 3013
75.251318557 4527
75.265328099 4527
75.283363182 4542
75.286850714 6056
75.288276102 7570
75.319417980 4542
75.322912310 5459
75.325242899 6973
75.358976968 3945
75.361298991 5459
75.395035076 3028
75.397360444 4542
75.425441219 3028
75.431996621 4542
75.434340215 5299
75.443915397 6813
75.450030344 5299
75.471304325 6813
75.480882747 6813
75.486085834 6056
75.507354661 4542
75.516955975 6056
75.538374445 3759
75.543421371 3759
75.560011318 3759
75.580381185 4542
75.596991313 3028
75.617343888 2605
75.654305364 1514
75.657738424 3028
75.690373091 2855
75.698474760 4369
75.706294110 4369
75.716508142 4542
75.726422162 6056
75.748708983 6056
75.752576105 6056
75.762490652 6056
75.787771940 4542
75.798555700 4895
75.802650616 3381
75.834619182 3029
75.856718731 1284
75.865338971 2798
75.865957573 4312
75.875203676 5826
75.902044852 6056
75.912174498 6056
75.938081840 3028
75.948234427 4542
75.949724178 5705
75.974147161 3717
75.977447964 5231
76.011112020 3028
76.019244209 4542
76.026630824 4542
76.047164381 4542
76.056974413 6056
76.084111490 3028
76.084150486 4542
76.088209432 6056
76.120190920 4515
76.121095814 6029
76.156231555 3028
76.157157650 4542
76.184803038 3028
76.192300988 4542
76.194116313 5231
76.202832259 6745
76.208704284 5231
76.231080015 6745
76.238903495 6496
76.244766726 6825
76.261963342 3797
76.280823191 5311
76.298022827 3028
76.316910414 3028
76.346120054 3028
76.353868370 3028
76.369996040 3028
76.381570372 3896
76.389918889 4437
76.418265879 2923
76.425993961 2157
76.428771216 3671
76.462046395 3130
76.465003602 4644
76.471641046 6056
76.507317024 3130
76.511968867 4644
76.548194803 1628
