0.036325721 0.998267887815
0.067154581 0.998267887815
0.075150759 0.998267887815
0.108865598 0.998920422959
0.143627771 0.998920422959
0.164804287 0.999077252347
0.191923306 0.999077252347
0.216179827 0.999077252347
0.216911353 0.999077252347
0.266744964 0.999077252347
0.319478305 0.999077252347
0.333129244 0.999077252347
0.378708824 0.999077252347
0.385986277 0.999077252347
0.425759086 0.999077252347
0.485684091 0.999077252347
0.49505049 0.999077252347
0.500500362 0.999077252347
0.557358094 0.999077252347
0.572918775 0.999077252347
0.580708421 0.999077252347
0.639492976 0.999077252347
0.650049812 0.999077252347
0.6991366 0.999077252347
0.756651468 0.999077252347
0.804717326 0.999077252347
0.836253857 0.999077252347
0.841161647 0.999077252347
0.869214563 0.999077252347
0.873739551 0.999077252347
0.918656267 0.999077252347
0.919097744 0.999077252347
0.950268329 0.999077252347
0.978499206 0.978688799442
0.982022212 0.978688799442
1.029809283 0.978688799442
1.084695727 0.979269206618
1.098310738 0.979269206618
1.147009487 0.978904434337
1.156775815 0.978904434337
1.191395242 0.979022769599
1.241052061 0.977836280725
1.336290711 0.980942267113
1.389618104 0.980597332637
1.404237113 0.980597332637
1.482681357 0.98167741834
1.503266764 0.981895222749
1.56343289 0.977972171681
1.6310808 0.975808466353
1.672611489 0.97571589319
1.702611716 0.97571589319
1.756259803 0.979269206618
1.789283988 0.981638265072
1.805217466 0.981340433731
1.841874611 0.981397216395
1.873573786 0.981475604587
1.903681784 0.981475604587
1.950839602 0.981933300208
1.98666152 0.981127806667
2.042552644 0.982722297326
2.079428799 0.982722297326
2.09114299 0.978827623013
2.166997109 0.979822396002
2.205955075 0.980612421567
2.262999091 0.979147877314
2.32145109 0.979135258136
2.346750356 0.98286206745
2.385472824 0.983904521311
2.407973037 0.983826643018
2.442981881 0.981867344044
2.475286127 0.983808040365
2.516371146 0.984257152219
2.519748409 0.984257152219
2.547211752 0.984257152219
2.548790461 0.984257152219
2.584993668 0.984491618135
2.604909136 0.983304683734
2.646532944 0.982360588403
2.666061616 0.982360588403
2.697877163 0.983198549309
2.736941539 0.982352444773
2.755126353 0.982352444773
2.784625766 0.982307587093
2.814099049 0.997259862877
2.842306997 0.998174585666
2.885887318 0.999313528678
2.919894005 0.999680292167
2.955181823 0.999835358612
3.055933448 0.999749369674
3.080083476 0.99952666854
3.115221579 0.999494435251
3.137723092 0.999494435251
3.169885264 0.999486175843
3.211855389 0.999473383635
3.241132752 0.999498539337
3.301621443 0.999412511248
3.325888785 0.999412511248
3.358867421 0.999517186526
3.385102872 0.999517186526
3.422610079 0.999257590797
3.454936144 0.999257590797
3.478685709 0.999257590797
3.504734776 0.999276848926
3.562000737 0.999248289402
3.572964951 0.9995033034
3.602134674 0.9995033034
3.633911231 0.999168936023
3.668286002 0.999916130505
3.767876657 0.999906617725
3.789023632 0.999994950476
3.815688957 0.999993196935
3.870803271 0.99957674994
3.904701553 0.999488653354
3.937442383 0.99966263439
4.00968479 0.999583673341
4.041034195 0.999807595359
4.058278568 0.999898796603
4.093027686 0.999872024332
4.127368658 0.999818925116
4.164723619 0.999795764454
4.185857335 0.999765739278
4.24660621 0.999875048678
4.284894783 0.999712873332
4.303840652 0.999931317976
4.341898829 0.999941613951
4.39317911 0.999961747357
4.43874511 0.999991795389
4.456300072 0.999970577887
4.469519499 0.99996267376
4.490755373 0.999939818514
4.532147631 0.999880258456
4.569433431 0.999655026575
4.600359972 0.999564364245
4.682209877 0.999890436824
4.706493468 0.999898968428
4.738618092 0.999928817506
4.817947901 0.999893229044
4.837995624 0.998077265974
4.896547765 0.997329054216
4.941150424 0.997487541682
4.961037829 0.997524521563
4.977631197 0.99618283808
5.067046748 0.989291776975
5.083763999 0.988707041094
5.095104567 0.98779768353
5.125289083 0.986042025454
5.14343211 0.986477834811
5.169715969 0.989335447184
5.195897853 0.991389732449
5.308876266 0.990800443382
5.34503165 0.99590031831
5.380954942 0.996842115989
5.402973655 0.996996820808
5.455749083 0.996787395493
5.471838181 0.996329228054
5.508952195 0.996279506477
5.537785986 0.996702342004
5.563182365 0.996171820387
5.591816708 0.994671824942
5.663287061 0.993349684336
5.68883858 0.992778547355
5.70104113 0.993253281072
5.723405852 0.99382007859
5.764774715 0.992685856511
5.796664175 0.991370469486
5.881025552 0.993930201428
5.899913055 0.993406571729
5.946022835 0.994945930124
5.976005039 0.99389379714
6.009510276 0.998441581456
6.042567364 0.998526687275
6.100772197 0.997489867451
6.128909542 0.999469711942
6.164546961 0.997742017554
6.192979155 0.998850745766
6.222462659 0.998353431549
6.285047334 0.998750640143
6.328862548 0.998510192335
6.376565314 0.998491580635
6.413582943 0.996945185756
6.482556574 0.997840009359
6.519148684 0.996154183087
6.544291074 0.996243687152
6.602583279 0.996207129131
6.620847016 0.997777917501
6.656554308 0.998205800319
6.695114747 0.997034343409
6.718765121 0.998277416793
6.754786424 0.999370265447
6.789217508 0.998301582255
6.842863955 0.99515872056
6.887495282 0.992895022808
6.934965158 0.993312123083
6.970508441 0.994167572875
6.991044125 0.995264318559
7.012071128 0.995327941093
7.039560052 0.996199180572
7.059826404 0.997024377081
7.094163953 0.995161067001
7.13306184 0.99593852717
7.156725044 0.996735409566
7.187523362 0.995929512602
7.218799652 0.997469339919
7.287990525 0.996612127783
7.32532742 0.998161617066
7.35594392 0.998861353815
7.37958117 0.998811044376
7.410487424 0.998558046271
7.425689234 0.998864599469
7.434907963 0.998250195253
7.457834951 0.998403225768
7.504336944 0.994481830764
7.516019188 0.994217164966
7.5505498 0.994583614177
7.591067899 0.993948750759
7.639381131 0.993974954596
7.703744463 0.995879578534
7.72068102 0.996317557013
7.824188405 0.993415302774
7.863723211 0.993415302774
7.974670348 0.995081434622
7.982169316 0.992341811665
8.035964375 0.992341811665
8.059111037 0.966622963961
8.102942416 0.979937049633
8.145641151 0.979114024519
8.183917566 0.978547383091
8.225439323 0.974954625894
8.261114716 0.971954898116
8.332774038 0.983510269938
8.380178925 0.960264751512
8.426791337 0.935047602877
8.450854687 0.929906345183
8.46872603 0.931490452268
8.475648717 0.951942692002
8.523050462 0.951942692002
8.55761911 0.941070552719
8.593340619 0.956409785568
8.597068855 0.956391276167
8.856252552 0.957993994394
8.930645095 0.980209953457
8.949674429 0.985905350831
8.96933231 0.985905350831
9.040735662 0.985905350831
9.143088117 0.985905350831
9.189532366 0.985905350831
9.20893376 0.985905350831
9.244642353 0.985905350831
9.304136352 0.985905350831
9.371571895 0.985905350831
9.430993675 0.985905350831
9.530287524 0.985905350831
9.621184042 0.985905350831
9.681539001 0.985905350831
9.714532462 0.985905350831
9.826631944 0.985905350831
9.839108362 0.985905350831
9.855683991 0.985905350831
9.961125517 0.985905350831
9.997716586 0.985905350831
10.001073636 0.985905350831
10.024290371 0.985905350831
10.03334352 0.985905350831
10.084990254 0.986647463234
10.102060493 0.987286945326
10.114502441 0.987414939465
10.139360085 0.986284638497
10.164538079 0.986161623345
10.194854498 0.986091953951
10.241381663 0.948622956604
10.256555772 0.961948035153
10.261626424 0.964131114023
10.459793396 0.996437984282
10.481289707 0.991786261972
10.505383113 0.991786261972
10.578725146 0.980467908151
10.585238216 0.987970490199
10.630656153 0.988726104862
10.642781005 0.990317905162
10.659915161 0.980664707614
10.663064299 0.980664707614
10.693346446 0.980758834769
10.74056812 0.978004354163
10.764826084 0.978004354163
10.785485205 0.978004354163
10.803600116 0.978004354163
10.822640025 0.978004354163
10.864591703 0.978004354163
10.935137746 0.954194385015
10.985453142 0.971425175155
11.019884451 0.960038175876
11.067033264 0.938471400956
11.077111761 0.938471400956
11.173307313 0.942717036034
11.186548798 0.942717036034
11.209430937 0.942717036034
11.210524415 0.942717036034
11.222757355 0.942717036034
11.279876955 0.923137137971
11.298097573 0.923137137971
11.358871405 0.920149982226
11.385267802 0.926995281116
11.417508287 0.925072729052
11.475856222 0.893635532432
11.500872737 0.893635532432
11.539151548 0.907909138156
11.579761339 0.894980456351
11.589595479 0.894980456351
11.647630561 0.914602163148
11.668868262 0.912034610151
11.688797267 0.912034610151
11.706311808 0.912034610151
11.723571957 0.912034610151
11.776254401 0.943950271573
11.784203028 0.943950271573
11.803894973 0.943950271573
11.86877784 0.943950271573
11.921970445 0.943950271573
11.959073241 0.943950271573
11.987445713 0.943950271573
12.004683119 0.943950271573
12.010824447 0.943950271573
12.02022846 0.943950271573
12.046345453 0.943950271573
12.078904379 0.943950271573
12.098481253 0.940480946487
12.116957122 0.934143396867
12.133890028 0.934143396867
12.158991199 0.918997606489
12.187671734 0.918997606489
12.196119688 0.918997606489
12.21983496 0.918997606489
12.252029473 0.918997606489
12.262093789 0.920686227939
12.280428991 0.920686227939
12.304834301 0.920686227939
12.32623065 0.920686227939
12.343381258 0.920686227939
12.369914379 0.920686227939
12.398605634 0.920686227939
12.423358092 0.920686227939
12.464694672 0.920686227939
12.514861818 0.922568807742
12.53128904 0.922568807742
12.544619915 0.922568807742
12.551676239 0.922568807742
12.567464096 0.922568807742
12.58478478 0.922568807742
12.603494805 0.927541139027
12.606761091 0.927541139027
12.669899442 0.927541139027
12.704729516 0.927541139027
12.712983739 0.927541139027
12.735130556 0.927541139027
12.747781453 0.927541139027
12.765752338 0.927541139027
12.790234653 0.927541139027
12.809647232 0.927541139027
12.826806984 0.927541139027
12.862826482 0.928200002208
12.903807236 0.928200002208
12.926197519 0.928200002208
12.977215864 0.928200002208
12.983056313 0.928200002208
12.987501386 0.928200002208
13.018658588 0.928200002208
13.023648682 0.928200002208
13.064320173 0.928200002208
13.117481518 0.928200002208
13.13090777 0.928200002208
13.153955717 0.928200002208
13.167917933 0.928200002208
13.181284075 0.928200002208
13.193495285 0.928200002208
13.219575191 0.928200002208
13.251281606 0.928200002208
13.283387559 0.928200002208
13.304022903 0.928200002208
13.308896472 0.928200002208
13.330364689 0.928200002208
13.341386305 0.928200002208
13.367879643 0.928200002208
13.380542227 0.917753799316
13.383352474 0.917753799316
13.406193024 0.917753799316
13.428007014 0.917753799316
13.466433505 0.932969554795
13.483732316 0.943995294251
13.533918945 0.945381157727
13.558277186 0.963939064159
13.58027418 0.963408928158
13.649999199 0.968975813474
14.019983027 0.97743299573
14.043661222 0.977474586566
14.062924361 0.978086254037
14.086110651 0.976605832007
14.109551196 0.966352304206
14.134069197 0.974526346039
14.168532072 0.97834030897
14.204449174 0.974646746748
14.230228531 0.976024454163
14.27587916 0.978230460653
14.28888481 0.98120531812
14.309885182 0.980869699539
14.347326628 0.949280781314
14.365389979 0.954647002838
14.392483335 0.955157589963
14.428710319 0.955899692886
14.475758753 0.957681347793
14.500646064 0.980775176275
14.522766981 0.991739020923
14.566806373 0.995415083363
14.605482688 0.997647906601
14.628750997 0.994931193205
14.635522676 0.999419247569
14.654372822 0.999419247569
14.681441058 0.995096417278
14.684968984 0.994202415682
14.716747428 0.993486361849
14.718018245 0.994243947633
15.018060104 0.987894154231
15.037351923 0.98855088305
15.06835622 0.984608915982
15.097855594 0.98678282607
15.137261201 0.984076248835
15.173985601 0.988579713057
15.19683523 0.992816879098
15.217549161 0.991993686377
15.265292773 0.99376578252
15.287608827 0.995837084763
15.313513165 0.99393376019
15.37266513 0.995077812455
15.37817423 0.99655467384
15.642257265 0.990699225069
15.680563975 0.991857117475
15.700855849 0.991972148068
15.759719802 0.992811144555
15.784214487 0.996510617248
15.830075577 0.996510617248
15.863108381 0.996735528675
15.932599179 0.997741946498
15.94132897 0.997741946498
16.320827989 0.985391719407
16.337837102 0.985391719407
16.346724252 0.997407537169
16.378992063 0.997407537169
16.398522818 0.990158985331
16.440033187 0.993636221441
16.465236927 0.988871718954
16.50337115 0.995464310477
16.533196952 0.996300465014
16.583620538 0.996800777497
16.631564032 0.993539291052
16.649973006 0.994272960515
16.666968156 0.998658810668
16.669070763 0.999465314913
16.726721124 0.999519714635
16.745266417 0.999519714635
16.784255005 0.999519714635
17.085520177 0.99905483602
17.117880803 0.99905483602
17.157403462 0.986877196986
17.181881678 0.983090015809
17.208228524 0.988900155352
17.230623403 0.982964361461
17.281114313 0.987202265904
17.315702801 0.989115332333
17.333042479 0.988965617487
17.406935514 0.990791104434
17.51549169 0.975415379554
17.534695521 0.949628040248
17.575297573 0.939813594689
17.593078967 0.943177489853
17.616690526 0.942902782558
17.705576349 0.948518558794
17.722582437 0.914314392345
17.763388591 0.916048876107
17.823074503 0.880376905384
17.878138678 0.929086991447
17.911423708 0.925549255572
17.952110193 0.948516013767
17.988646507 0.971810281276
18.005797486 0.973534078805
18.277605505 0.982853456365
18.345470325 0.978217525938
18.430892425 0.978519690217
18.450731582 0.98181713881
18.500617205 0.987235024725
18.533261533 0.989416181836
18.579135136 0.986881293338
18.619067421 0.985305298832
18.665374262 0.985003031504
18.687347627 0.979091825917
18.714654119 0.984512008095
18.771406134 0.984405971222
18.805104289 0.979540104551
18.806923419 0.98352657569
18.818208814 0.98352657569
18.820241342 0.988858832709
18.934170131 0.993428165697
19.253229414 0.998530115493
19.293069128 0.99691301888
19.322473405 0.994775624336
19.363202682 0.994129735785
19.383190005 0.994370649715
19.406215116 0.993969284575
19.435014207 0.997331540916
19.465652995 0.997822459006
19.527416263 0.996859444698
19.572762649 0.997036731174
19.632747935 0.997795592437
19.691264658 0.992125984363
19.700852317 0.981427430028
19.761615905 0.973058516552
19.785734958 0.986230236704
19.861604667 0.989413671865
19.903476989 0.959643867804
19.941624158 0.970590492498
19.959400301 0.94931503285
19.995730708 0.991268444585
20.036853557 0.991782051534
20.036889708 0.991782051534
20.103857893 0.988887174183
20.261892345 0.969021160378
20.511996586 0.98682351575
20.551113173 0.960916354544
20.584983194 0.961090066909
20.741800397 0.961090066909
20.783184348 0.961090066909
20.795017218 0.961090066909
20.837464285 0.972525760443
20.845875248 0.972525760443
20.889283857 0.964309262464
20.900110768 0.971166859701
20.913050079 0.971166859701
20.946095702 0.973737694509
21.06718216 0.976817002275
21.117268754 0.978687431891
21.164476327 0.976859494464
21.251756382 0.970168248299
21.262902271 0.970168248299
21.346390597 0.970168248299
21.356364439 0.970168248299
21.372428395 0.970168248299
21.39617932 0.970168248299
21.462036735 0.970168248299
21.519617788 0.970168248299
21.535211632 0.970168248299
21.62269318 0.970168248299
21.682172931 0.970168248299
21.698865008 0.970168248299
21.783686115 0.970168248299
21.829373545 0.970168248299
21.840845856 0.970168248299
21.851516439 0.970168248299
21.920388127 0.970168248299
21.941614407 0.970168248299
21.973988186 0.970168248299
21.999846271 0.970168248299
22.009333046 0.970168248299
22.035536936 0.970168248299
22.049966707 0.970168248299
22.068672283 0.970168248299
22.097594225 0.970168248299
22.155872564 0.97807624031
22.185600524 0.97807624031
22.199229466 0.97807624031
22.262869844 0.983715886905
22.315775029 0.991929294975
22.33723413 0.991929294975
22.350460605 0.991929294975
22.36055998 0.991929294975
22.421397423 0.986679615837
22.433146894 0.986679615837
22.486268191 0.986679615837
22.498119153 0.986679615837
22.558503667 0.986679615837
22.581756953 0.986679615837
22.625321925 0.986679615837
22.638038592 0.986679615837
22.738716165 0.986679615837
22.764676105 0.986679615837
22.795331145 0.986679615837
22.807121912 0.986679615837
22.821940446 0.986679615837
22.840842284 0.986679615837
22.861120323 0.986679615837
22.882927966 0.986679615837
22.894137375 0.986679615837
22.902294738 0.986679615837
22.939075764 0.986679615837
22.95765242 0.986679615837
22.979794524 0.986679615837
23.063872905 0.985943787993
23.067938011 0.985943787993
23.125335531 0.985943787993
23.143975059 0.985943787993
23.147762156 0.985943787993
23.179929818 0.985943787993
23.197772594 0.985943787993
23.248046137 0.997855667276
23.259834625 0.997855667276
23.276089857 0.997855667276
23.302204576 0.997855667276
23.35917383 0.985661709048
23.384249908 0.985661709048
23.393651429 0.986602683696
23.424833925 0.986602683696
23.462054255 0.974489613329
23.518174698 0.949413060624
23.543208077 0.941144556886
23.583051475 0.976072323976
23.631366727 0.976072323976
23.66205611 0.991270474863
23.698195387 0.991270474863
23.743700091 0.991270474863
23.814347784 0.98964652098
23.859120126 0.986777210528
23.896918413 0.953015246187
23.918096612 0.953015246187
23.945057966 0.951307783803
23.955949717 0.951307783803
23.979285382 0.951307783803
24.015177976 0.934622619765
24.03689532 0.934622619765
24.042632572 0.934622619765
24.073228492 0.934622619765
24.099368014 0.941967144186
24.144828629 0.941967144186
24.151211439 0.941967144186
24.167101482 0.928508279061
24.172534645 0.928508279061
24.23647398 0.916328288223
24.251079198 0.916328288223
24.276546249 0.916328288223
24.280722878 0.916328288223
24.295829032 0.916328288223
24.301173284 0.916328288223
24.324167903 0.916328288223
24.335199228 0.916328288223
24.356822785 0.916328288223
24.380130044 0.900849995329
24.404050279 0.900849995329
24.43001069 0.900849995329
24.46492737 0.900849995329
24.485271352 0.900849995329
24.500494945 0.863313344672
24.524832471 0.863313344672
24.539907704 0.863313344672
24.564946423 0.863313344672
24.578405889 0.863313344672
24.591320325 0.863313344672
24.605889792 0.863313344672
24.623173132 0.863313344672
24.628228767 0.863313344672
24.657405114 0.863313344672
24.670603642 0.808774793904
24.71514599 0.808774793904
24.738804923 0.808774793904
24.745215288 0.808774793904
24.75537154 0.808774793904
24.814106079 0.808774793904
24.825107455 0.794930116136
24.859461378 0.794930116136
24.860514913 0.794930116136
24.875410181 0.80450893525
24.908023422 0.80450893525
24.909922443 0.80450893525
24.940524331 0.80450893525
24.957699593 0.80450893525
24.975573389 0.821512902118
24.981963385 0.821512902118
25.001666265 0.821512902118
25.024989087 0.821512902118
25.03450169 0.821512902118
25.038202784 0.821512902118
25.070895133 0.821512902118
25.120366628 0.801012775887
25.138148308 0.817665975199
25.161172791 0.817665975199
25.19064615 0.822070436326
25.214100031 0.826691335209
25.248037789 0.83197945825
25.282034802 0.83197945825
25.294513323 0.831662779448
25.303564418 0.831662779448
25.305080359 0.831662779448
25.333338383 0.812642554484
25.353406175 0.812642554484
25.367025145 0.814070994802
25.405016004 0.814070994802
25.414378755 0.821218806825
25.437144523 0.821218806825
25.4568055 0.821218806825
25.46605697 0.808958154602
25.480748983 0.808958154602
25.484474969 0.808958154602
25.498278823 0.804903645207
25.510476577 0.814820784193
25.538755617 0.814820784193
25.554705226 0.814820784193
25.577321051 0.814820784193
25.59089778 0.802590403159
25.6128186 0.792207914011
25.627284702 0.792207914011
25.65247464 0.792207914011
25.670995205 0.792207914011
25.682812338 0.797229467583
25.710927039 0.795822860907
25.719935657 0.788662718645
25.746267991 0.788662718645
25.759875576 0.788662718645
25.779982123 0.788877416542
25.813897714 0.768499853321
25.839692553 0.775228847751
25.874927102 0.775228847751
25.905769739 0.775228847751
25.945698772 0.772610629397
25.971740049 0.788656807173
26.017619266 0.819438922544
26.029229179 0.838704222753
26.049919078 0.843239029295
26.072147632 0.853889768571
26.114874154 0.862688533702
26.136945124 0.878836867727
26.156835696 0.875965220886
26.173335167 0.856632215276
26.183265719 0.862468626141
26.192796709 0.835127771447
26.202351225 0.838194123647
26.221172641 0.829326038059
26.244027664 0.835207804005
26.25908511 0.833326750975
26.270317228 0.83705068765
26.290130469 0.83705068765
26.317474288 0.83705068765
26.341397104 0.829051399995
26.367187337 0.766078586217
26.398520801 0.75947947321
26.435709251 0.75626204763
26.458459832 0.772993300649
26.481170566 0.772993300649
26.492695159 0.773413784396
26.527513232 0.773413784396
26.544999843 0.793917417502
26.556084376 0.793917417502
26.589412206 0.787510134592
26.610908638 0.787009336774
26.640207578 0.788608896109
26.649484641 0.783432359104
26.684558873 0.783432359104
26.696624836 0.786532398681
26.73111416 0.785674034087
26.744992633 0.799000538162
26.780180212 0.799000538162
26.798443074 0.798456699512
26.825419636 0.806623681098
26.848662763 0.801487030427
26.858150161 0.8024386191
26.875535452 0.810743136445
26.895585511 0.781026455541
26.908604322 0.776517480889
26.923118123 0.780515320421
26.944001381 0.769590094688
26.968084446 0.712468282329
26.992624008 0.737430730383
27.001823374 0.731522094644
27.015484219 0.738552949425
27.036152443 0.725403674725
27.064333229 0.703120494499
27.081159767 0.701306826187
27.098017572 0.709510605076
27.111021189 0.706859902332
27.139829396 0.704749231268
27.158260938 0.728441525806
27.195061961 0.725690405919
27.214378138 0.72501163817
27.241022876 0.734169658516
27.256492075 0.726189480549
27.276210399 0.713941384694
27.296343666 0.689973794065
27.310729142 0.669183763379
27.324011575 0.668027829561
27.34532532 0.66358519008
27.365462264 0.658049615942
27.381609619 0.639514111064
27.404004598 0.652696717355
27.41877034 0.639979764656
27.44600576 0.643463078952
27.471481674 0.640306447983
27.488473023 0.643396269768
27.498556767 0.642967665408
27.518021671 0.647346997586
27.530681076 0.638599870256
27.559197283 0.622255877854
27.570055302 0.631184388736
27.596892112 0.613936552877
27.6200319 0.643070429561
27.652612335 0.62446767442
27.662597183 0.630845297358
27.688208491 0.673222373258
27.724656252 0.72063956223
27.735354594 0.773704178717
27.770238561 0.747051667661
27.78706964 0.763714189542
27.828550964 0.74761716823
27.842034845 0.762361290667
27.861757462 0.761153556068
27.885734536 0.775317160128
28.220246109 0.94721997129
28.232748623 0.939933100493
28.267771631 0.914668540503
28.307099428 0.93262373374
28.313453862 0.952082375119
28.350957529 0.949055936042
28.384823438 0.956115629153
28.396083287 0.974107644966
28.43001565 0.969829123156
28.492771762 0.977069587906
28.54171625 0.976131566119
28.619476986 0.987399075832
28.658026051 0.981212515825
28.693535525 0.973538246844
28.740405695 0.971459989359
28.885798037 0.952458359016
28.920035969 0.91140113916
28.976263236 0.953253397212
29.016856936 0.924633567436
29.075028581 0.90353809028
29.1191376 0.933980120658
29.147850921 0.959156573866
29.156511041 0.980424807256
29.190316223 0.981345077539
29.193605371 0.983192108861
29.224795498 0.985228015027
29.260876977 0.978543763294
29.264957662 0.984382305216
29.282504101 0.984382305216
29.288539909 0.998182388762
29.305941818 0.998182388762
29.346290529 0.990929570197
29.364287096 0.981949092065
29.391331977 0.984874588274
29.426951752 0.976494705514
29.439478672 0.9523260361
29.460035739 0.925673650516
29.468880701 0.934396709296
29.501645289 0.90516376894
29.519462107 0.885166936724
29.533515843 0.841315625602
29.556411228 0.841065666159
29.59616329 0.807279441537
29.614210529 0.789360006813
29.627020764 0.835821899666
29.638397372 0.846407217069
29.640700324 0.812712696761
29.662512384 0.812712696761
29.685025274 0.823642372528
29.705439392 0.787714488328
29.730596533 0.810256277155
29.739080445 0.800754289815
29.752786932 0.800754289815
29.79379407 0.797421088194
29.808841254 0.854229281208
29.841504185 0.853944822773
29.853252663 0.849329193586
29.878210128 0.846402384817
29.912358886 0.866932786137
29.994777267 0.890841945101
30.046524548 0.938853405652
30.064229954 0.957919212935
30.103638128 0.95664583705
30.114031874 0.95863725678
30.150491614 0.95868210546
30.197642203 0.940038588342
30.23993021 0.981423702164
30.331609748 0.995182502651
30.395564337 0.989905921509
30.420918271 0.950470494483
30.45520668 0.948698994833
30.599580843 0.926086071917
30.631396359 0.849232070515
30.695451587 0.840457724582
30.762319722 0.83547634761
30.770001044 0.85259588252
30.826879459 0.844753106621
30.856600512 0.893710308234
30.859477665 0.910352062333
30.905446871 0.89452016058
30.909713842 0.895905937875
30.956085132 0.895905937875
30.957331438 0.885963514548
31.00032052 0.887131034226
31.001799936 0.897613093298
31.045316863 0.927194893285
31.050665618 0.926011484911
31.068459833 0.922689818258
31.121368494 0.973889678232
31.151504219 0.951607616423
31.205105475 0.943587328886
31.237176359 0.959091293711
31.279445242 0.974548490702
31.317473776 0.985736317193
31.342460392 0.999393441736
31.485517077 0.983958440074
31.499798632 0.983958440074
31.517398221 0.977569025364
31.522701962 0.963831471793
31.547657595 0.953966495539
31.568490979 0.913893988602
31.600931875 0.894821121016
31.620561128 0.907045163529
31.651490888 0.894668393916
31.661336504 0.875110733186
31.688821298 0.895196450639
31.702076028 0.872346458368
31.722964064 0.872346458368
31.769310634 0.873859097107
31.895766652 0.938807415917
31.923509208 0.93820456958
32.004321872 0.953847637743
32.055408993 0.982888281777
32.084677037 0.973267603617
32.114534433 0.974759009769
32.159621842 0.987848171779
32.187289246 0.988636967814
32.226477422 0.990713088973
32.238918835 0.992780173329
32.262160838 0.99068213412
32.347743505 0.990415452328
32.372786283 0.99097351695
32.506108927 0.982408773434
32.565935728 0.932344305252
32.596704016 0.919335790901
32.618342489 0.910614639158
32.81919711 0.908536023315
32.860842409 0.862419623487
32.881578811 0.86874226765
32.939017749 0.872532513885
32.986833895 0.873480042996
33.053098841 0.904712279026
33.092898304 0.929409242754
33.12674339 0.980614368446
33.127275425 0.994484330644
33.130448466 0.994484330644
33.152949636 0.994484330644
33.186815525 0.99020084481
33.190997307 0.987136525675
33.210997873 0.981370442515
33.256865548 0.943960839518
33.295583529 0.928258602991
33.324429217 0.958562742213
33.354753654 0.925012503179
33.399811249 0.886575941018
33.402973437 0.899904525614
33.433211646 0.894911212497
33.435680096 0.902017498547
33.469956506 0.893311949961
33.472233881 0.900319335439
33.495275051 0.900319335439
33.528443831 0.87435714246
33.530134098 0.872315469479
33.543682868 0.883926187129
33.583835308 0.891057775796
33.625970095 0.823347476208
33.653097325 0.821825844745
33.681769127 0.83152628527
33.729762879 0.806264553648
33.739603263 0.801232189487
33.778117588 0.80881825195
33.840582682 0.796228573456
33.872351185 0.826196069695
33.919157372 0.854531717193
33.943161598 0.850849218662
33.965093869 0.853046859898
34.028389572 0.867766728002
34.07408216 0.904816395081
34.089045954 0.904582396177
34.14454955 0.919735483173
34.165510689 0.920626794567
34.211801959 0.92082121853
34.238152981 0.934886386403
34.29021423 0.911543922575
34.312892575 0.904234607692
34.356575629 0.92676046069
34.387878948 0.927093670911
34.431524431 0.926334800349
34.47734992 0.977617314757
34.549919698 0.966678531232
34.56575496 0.926798306103
34.628829319 0.93312021822
34.693618895 0.924013014787
34.735378202 0.877786821536
34.813524447 0.898450693344
34.865712429 0.875103249888
34.913116199 0.922723125595
34.942165365 0.937728916832
34.977267675 0.952748078897
34.9820854 0.95985960579
34.990259494 0.95985960579
35.014364461 0.95985960579
35.045602481 0.962112928192
35.080789428 0.982992013822
35.113069213 0.981110563399
35.13668504 0.987441327685
35.160895366 0.976228923126
35.192990867 0.959864092348
35.21938162 0.978545492813
35.31576002 0.990540567425
35.378838368 0.988485989321
35.426076638 0.990230284917
35.4359242 0.99931789885
35.473977014 0.995730112345
35.539235513 0.993685475184
35.550821654 0.998549179613
35.629614377 0.996597926015
35.770884878 0.985760840563
35.860705339 0.985760840563
35.911911832 0.985760840563
36.045741958 0.985760840563
36.076101791 0.985760840563
36.10527376 0.985760840563
36.183087903 0.985760840563
36.213745815 0.985760840563
36.248706417 0.985760840563
36.263509401 0.985760840563
36.300794004 0.985760840563
36.328377012 0.985760840563
36.361313398 0.985760840563
36.381047363 0.985760840563
36.402876543 0.985760840563
36.421523508 0.985760840563
36.462200673 0.985760840563
36.540604334 0.985760840563
36.55879498 0.985760840563
36.619386102 0.985760840563
36.641775175 0.985760840563
36.658940389 0.985760840563
36.682612041 0.985760840563
36.712561151 0.987207730518
36.725895086 0.987207730518
36.743567639 0.987207730518
36.750884863 0.987207730518
36.840183049 0.987207730518
36.900603183 0.987207730518
36.907519074 0.987207730518
36.949761899 0.987480574708
36.960141249 0.988274398266
36.972113075 0.988274398266
36.992626299 0.988274398266
36.992705006 0.988274398266
37.009190448 0.988274398266
37.027270421 0.988274398266
37.044805252 0.988274398266
37.061526525 0.988274398266
37.076202931 0.988274398266
37.104280497 0.988274398266
37.125742236 0.988274398266
37.144949278 0.988274398266
37.178028419 0.988274398266
37.210502006 0.988274398266
37.223325773 0.988274398266
37.225334658 0.988274398266
37.285919006 0.988274398266
37.330995751 0.988274398266
37.338932939 0.988274398266
37.383201632 0.988274398266
37.424670318 0.988274398266
37.475224732 0.896490319288
37.526962879 0.890225227155
37.556923649 0.909978041382
37.604196236 0.877645486559
37.662634919 0.844453288049
37.682878677 0.843039731991
37.722767213 0.878761297299
37.754857586 0.931961663203
37.781951424 0.913807655067
37.8142493 0.913802991435
37.825748907 0.887172542731
37.855754473 0.906645631151
37.875051005 0.90632637324
37.91474405 0.906405414606
37.945723863 0.915019399017
37.993178712 0.926815185271
38.038106684 0.939935032629
38.10565548 0.937999178523
38.151927389 0.946339414409
38.174953012 0.920593870856
38.282045274 0.881652506342
38.319253395 0.825835241294
38.365268652 0.860152981563
38.418928422 0.864947465349
38.464639835 0.902960485163
38.50641318 0.945682687884
38.543299977 0.944791219271
38.544073938 0.949468230456
38.581900657 0.955617873569
38.58372996 0.954832878978
38.623378037 0.954602115518
38.676375051 0.953103007671
38.693689763 0.953491952418
38.741533162 0.965652391086
38.763840151 0.96200486901
38.798607758 0.956872241119
38.819442519 0.97171535247
38.822782548 0.978458831
38.839960211 0.978458831
38.858488393 0.98570132734
39.007046319 0.977834637495
39.043473975 0.989949956558
39.047041811 0.997010203249
39.076502346 0.998395098259
39.115977744 0.992344867893
39.144690532 0.992588939609
39.180720285 0.987652773179
39.227182152 0.980587676376
39.273143085 0.997950335404
39.328483495 0.985286850818
39.341629457 0.998419115347
39.346533916 0.999132199596
39.362237506 0.999132199596
39.393554755 0.999638850416
39.56156834 0.989229801519
39.662259548 0.966852837605
39.706385898 0.95859926016
39.786126424 0.983040499594
39.824791112 0.959455261675
39.864655443 0.980576721056
39.917217358 0.980784968969
39.987285083 0.916702127064
40.019278464 0.916703118518
40.043815479 0.916703118518
40.081389546 0.92738374477
40.103645634 0.92738374477
40.113766583 0.92738374477
40.126593401 0.92738374477
40.142699304 0.925738420898
40.164764883 0.850185579975
40.182727367 0.786106437652
40.226144953 0.830682538412
40.265126129 0.842788648246
40.296000815 0.842788648246
40.305518444 0.842788648246
40.421489706 0.943319215331
40.497246076 0.973730455144
40.594833639 0.968392026582
40.702755195 0.950562205921
40.82674639 0.970544779675
40.858420137 0.970544779675
40.879641969 0.962871781141
40.905936244 0.962871781141
40.919152684 0.962871781141
40.954085085 0.962871781141
40.978511271 0.962871781141
41.002933379 0.962871781141
41.017212195 0.977900891436
41.026641906 0.977900891436
41.041938071 0.98113622838
41.055284602 0.976324810983
41.074056392 0.976324810983
41.076770037 0.976324810983
41.128718903 0.980835157449
41.131786264 0.978193464948
41.181142897 0.977983753104
41.186237589 0.980681130333
41.198830055 0.980798494607
41.240113891 0.958633500603
41.253079531 0.959080234026
41.297146636 0.959212358291
41.31963634 0.958914498869
41.359573947 0.952228048947
41.380000893 0.951905490304
41.415481917 0.949141909092
41.484540745 0.961628154201
41.581372205 0.998953630708
41.603232559 0.998392806057
41.646947353 0.997789398045
41.660631953 0.997901664942
41.6799059 0.977065536271
41.706557334 0.976010576027
41.747337711 0.976709810806
41.765922688 0.986645112734
41.830365942 0.993697151665
41.911233738 0.996800145142
41.933384255 0.997502263051
41.982251831 0.997466487498
42.017158266 0.997613672636
42.028011695 0.997447147122
42.07750267 0.998965952031
42.13759057 0.995499237881
42.162366893 0.997835342131
42.21795879 0.967318809681
42.25919413 0.992258932661
42.27500203 0.980180514816
42.325629285 0.983842339877
42.40682689 0.973923417912
42.476869068 0.98560986451
42.536527137 0.984667263304
42.582694655 0.961611312821
42.622712409 0.969104064199
42.661087963 0.986535723143
42.697458218 0.985165732373
42.698268045 0.9896657966
42.741264981 0.977895778069
42.779442378 0.985588658643
42.824686112 0.992942254263
42.873538626 0.991556811383
42.914046334 0.991411386321
42.943443164 0.989772076251
42.983427261 0.972412676759
42.986662316 0.989251371649
43.029334771 0.989013480452
43.108167222 0.992357231539
43.183584215 0.995332387736
43.347927924 0.987474256442
43.417251828 0.994446157302
43.45454664 0.995687183242
43.491535063 0.996359001654
43.512901066 0.998254751099
43.534243089 0.998382794042
43.58328644 0.999415818036
43.665805578 0.99718025221
43.740920695 0.997182448538
43.768528655 0.998536920929
43.810535066 0.999487104789
43.945643216 0.993199561013
44.116903335 0.955127411006
44.224778538 0.991027617281
44.255373301 0.99140616756
44.383427305 0.997127350091
44.435236001 0.999413388215
44.503332836 0.993105043351
44.562289827 0.972071153487
44.60440446 0.972071153487
44.742954053 0.973078051315
44.776341145 0.973078051315
44.834531771 0.979757156356
44.865227701 0.983700956508
44.997149161 0.983700956508
45.082164714 0.983700956508
45.141415209 0.995634905925
45.2201802 0.995634905925
45.258640248 0.995634905925
45.264587545 0.995634905925
45.276718552 0.995634905925
45.291688651 0.995634905925
45.340550895 0.995634905925
45.344312143 0.995634905925
45.376783078 0.996473799104
45.424675776 0.996473799104
45.428638399 0.996473799104
45.499446229 0.996473799104
45.549062518 0.996473799104
45.565200521 0.996473799104
45.609631159 0.996473799104
45.644588656 0.996473799104
45.703141629 0.996473799104
45.723366805 0.996473799104
45.74457434 0.996473799104
45.756977184 0.996473799104
45.77813896 0.996473799104
45.905298719 0.996473799104
46.246395482 0.996473799104
46.317430739 0.996473799104
46.340220941 0.996473799104
46.352247649 0.996473799104
46.401756737 0.953657894038
46.443698483 0.999369832932
46.46948115 0.999943092485
46.578689726 0.999603742438
46.643732076 0.995902985542
46.68296493 0.990857125653
46.709889672 0.970877270167
46.731675028 0.974991485806
46.750599057 0.972235364471
46.847135887 0.997777878524
46.874185237 0.986419423029
46.927100754 0.97627734999
46.99037762 0.970329239641
47.024690708 0.97342279658
47.14143054 0.995074473785
47.145494471 0.996295179103
47.176537639 0.999996126749
47.178157109 0.999834322298
47.210468773 0.999598006611
47.214083734 0.999728236963
47.24515636 0.999424435456
47.356817167 0.998874146021
47.424953826 0.994629150612
47.427610096 0.999833828158
47.460015253 0.997534478295
47.466796954 0.996670109875
47.521865694 0.99974803398
47.586955618 0.998965962516
47.620604953 0.997762924204
47.660518653 0.997756403177
47.697133838 0.996350387733
47.730772043 0.997447349559
47.764099906 0.997587151794
47.793203406 0.998259797483
47.869202492 0.999309650174
47.871869637 0.999712284715
47.922634913 0.99985173097
47.945113497 0.999280117389
48.014689499 0.999743293696
48.051442472 0.999993370432
48.086397561 0.999969071237
48.158225353 0.999990947551
48.180152166 0.999989064968
48.223333812 0.999992234855
48.267541178 0.99999221262
48.336993401 0.999821277975
48.366661534 0.999953739441
48.405865282 0.999968948006
48.442415481 0.999830312405
48.47542067 0.999984754702
48.545787137 0.999980151046
48.618665361 0.998356093163
48.655637462 0.996868872091
48.676968059 0.965377383397
48.728203133 0.944806104346
48.798205132 0.999953802763
48.849939422 0.998135340887
48.935192946 0.99944520118
48.975860387 0.990646928894
49.00938857 0.973196696024
49.079319008 0.991342437102
49.147881713 0.997734236493
49.180335983 0.988485227057
49.318927705 0.993727522288
49.3450152 0.996980985398
49.387519199 0.992506324392
49.702295833 0.993008099548
49.713511803 0.993008099548
49.741840124 0.992326901234
49.74853023 0.990380363329
49.922666414 0.997926980368
50.024258704 0.999790454196
50.117772033 0.985986571736
50.14473721 0.985986571736
50.196323233 0.985986571736
50.257475978 0.983640274427
50.304482434 0.980806586971
50.344628989 0.980806586971
50.41957978 0.980806586971
50.587826713 0.980806586971
50.615410548 0.980806586971
50.699780013 0.980806586971
50.780228485 0.980806586971
50.893232821 0.980806586971
50.95678167 0.980806586971
50.997672014 0.980806586971
51.115057907 0.980806586971
51.12546816 0.980806586971
51.139037738 0.983614088233
51.159146823 0.983870964451
51.192815879 0.979872998481
51.221605617 0.979872998481
51.254535991 0.979872998481
51.278152169 0.979872998481
51.300131311 0.979872998481
51.337983543 0.980427844824
51.343417663 0.980427844824
51.383569864 0.986513704745
51.538218897 0.988986001784
51.595991153 0.988986001784
51.639141552 0.988291407114
51.761704626 0.965651604817
51.799608808 0.96634236882
51.817572647 0.985189043499
51.854677298 0.985976066342
51.893791261 0.997471771582
51.930104314 0.998966216198
51.953678958 0.998197601949
51.994599896 0.998537558026
52.043161216 0.996956059397
52.097949341 0.999888269815
52.186339708 0.997945605892
52.227072274 0.997566319169
52.264292028 0.999197084084
52.298895199 0.999022167278
52.333002391 0.999289934842
52.401173198 0.999785280849
52.42651974 0.932369762249
52.474582892 0.924968383924
52.544364625 0.92871002049
52.572530545 0.935905656388
52.614822886 0.969816807118
52.648700503 0.984793826659
52.682369848 0.977378309604
52.68261707 0.976265911688
52.722167135 0.956952606529
52.747947281 0.959403565873
52.751113422 0.955049860764
52.785436476 0.966185634235
52.816928196 0.97721589536
52.865261693 0.988695495549
52.896763609 0.991746789069
52.902631081 0.989181816703
52.953829396 0.999047466832
52.982258143 0.989371214645
52.986460045 0.991826187477
53.000712443 0.99989685954
53.024217231 0.988549119024
53.047256221 0.958145977012
53.062272578 0.960227419861
53.10134176 0.989368799267
53.240955573 0.990283133606
53.250652526 0.990283133606
53.266354855 0.990283133606
53.296857687 0.985945714976
53.306631785 0.985945714976
53.330779751 0.985945714976
53.350141424 0.985945714976
53.386285484 0.985854405194
53.485651446 0.992688702525
53.502036067 0.992688702525
53.506042557 0.992688702525
53.562264233 0.992310554428
53.582469298 0.992310554428
53.607894338 0.992310554428
53.663581485 0.985926960589
53.669894912 0.985148656183
53.705081347 0.979226605845
53.784745345 0.991209268235
53.81256453 0.999437455409
53.818025554 0.999437455409
53.852429305 0.999437455409
53.896893466 0.999437455409
53.910449314 0.999437455409
53.941304034 0.999437455409
53.950047036 0.999437455409
53.987349363 0.999437455409
54.007651594 0.999437455409
54.049082452 0.999437455409
54.1000692 0.999437455409
54.118886398 0.999437455409
54.163840503 0.999934005799
54.202150905 0.999934005799
54.265986134 0.999934005799
54.327036882 0.999828650188
54.379564637 0.999828650188
54.480762353 0.999828650188
54.505950182 0.999828650188
54.561476798 0.999828650188
54.621862785 0.999828650188
54.660477449 0.999828650188
54.709422578 0.999828650188
54.781586081 0.999828650188
54.785963272 0.999828650188
54.81482361 0.999828650188
54.852148922 0.999862094965
54.858593302 0.998743520003
54.871345227 0.998743520003
54.891179804 0.998743520003
54.896018506 0.998743520003
54.924665083 0.998836540426
54.947898789 0.998836540426
54.972361623 0.998836540426
55.00480042 0.998836540426
55.027985909 0.998836540426
55.067481189 0.910103118876
55.090643511 0.910103118876
55.141734741 0.969159672585
55.199436542 0.985120196984
55.222823175 0.985120196984
55.260978332 0.967338149691
55.344486868 0.983554705098
55.392372534 0.977626457616
55.444273637 0.959445314702
55.465541004 0.972396917816
55.545524934 0.987900480359
55.583003756 0.987900480359
55.605803565 0.978157017408
55.623665235 0.985144300233
55.640228396 0.985144300233
55.649595547 0.985144300233
55.660967457 0.98216601679
55.69951291 0.98216601679
55.728060586 0.985345902261
55.746021702 0.985345902261
55.767040866 0.981651928619
55.82340958 0.981651928619
55.873252532 0.98370989365
55.893531233 0.990523954718
55.904407059 0.990523954718
55.915762286 0.990523954718
55.942046903 0.992557942725
56.001605947 0.990858026028
56.033398373 0.990858026028
56.055595567 0.99522369961
56.058895934 0.99522369961
56.068346815 0.99522369961
56.106223197 0.990636051423
56.173399735 0.996387151419
56.177067304 0.996387151419
56.196583753 0.998302082826
56.209173004 0.998302082826
56.242561731 0.987695484634
56.264281184 0.968819917789
56.317258088 0.968819917789
56.338842737 0.971489316615
56.342846038 0.971489316615
56.354638343 0.971489316615
56.423452654 0.97591861825
56.432769013 0.97591861825
56.466483446 0.97591861825
56.476244209 0.97591861825
56.492852806 0.986650601439
56.505431545 0.986650601439
56.545365717 0.963882975688
56.569876307 0.963882975688
56.580969328 0.963882975688
56.59576118 0.963882975688
56.597905575 0.963882975688
56.611604664 0.963882975688
56.621600116 0.963882975688
56.679307292 0.963882975688
56.702330237 0.902285214241
56.726931709 0.902285214241
56.747227267 0.902285214241
56.784570102 0.869071004417
56.833099111 0.934496539707
56.858535082 0.948692133536
56.871173108 0.948692133536
56.889008345 0.948692133536
56.903137526 0.948692133536
56.923558544 0.948692133536
57.00210847 0.948692133536
57.018023651 0.948692133536
57.032408674 0.948692133536
57.053115291 0.948692133536
57.065170152 0.948692133536
57.085376705 0.948692133536
57.10484184 0.946907109864
57.106998355 0.946907109864
57.159365808 0.946907109864
57.196791828 0.985132723872
57.222407723 0.985132723872
57.225575453 0.985132723872
57.257917126 0.985132723872
57.293311222 0.985132723872
57.308208618 0.985132723872
57.325509706 0.985132723872
57.343771989 0.985132723872
57.354830956 0.985132723872
57.388703624 0.985132723872
57.424322324 0.985132723872
57.458052795 0.985132723872
57.501309054 0.98602019575
57.529996767 0.98602019575
57.542372633 0.989213535735
57.577782482 0.991433604108
57.588476555 0.991433604108
57.614982457 0.994704643301
57.662515085 0.997296614966
57.66429471 0.997296614966
57.712607503 0.997296614966
57.769041684 0.997296614966
57.782715126 0.997296614966
57.815083119 0.997296614966
57.829296329 0.997296614966
57.851277015 0.997296614966
57.882807862 0.997296614966
57.885158911 0.997296614966
57.904950097 0.997296614966
57.919354049 0.997296614966
57.940319458 0.997296614966
57.975927508 0.997296614966
57.983490154 0.997296614966
58.003159633 0.924574394236
58.022306296 0.924574394236
58.034548643 0.924574394236
58.048010591 0.907469521261
58.08523211 0.891731217561
58.100773139 0.897771225116
58.118350864 0.897771225116
58.129941743 0.897771225116
58.153928398 0.892228403471
58.167216532 0.892228403471
58.186734519 0.892228403471
58.207838102 0.892228403471
58.217521323 0.8847903278
58.224149357 0.8847903278
58.262710976 0.817977383371
58.300961058 0.824164067588
58.337370509 0.824164067588
58.381375224 0.815021285643
58.421343099 0.823602025305
58.464032736 0.856913942906
58.505029227 0.869914334898
58.522865448 0.869914334898
58.58452551 0.918423881247
58.673485121 0.856638293916
58.700227001 0.871040658965
58.743390616 0.862736408767
58.771934251 0.866897785173
58.785175929 0.888991692674
58.867738446 0.938721080793
58.882841902 0.940569604853
58.90217942 0.940569604853
58.966459441 0.953801050199
59.021829873 0.953231178775
59.031168993 0.930759611129
59.063158309 0.930759611129
59.103569818 0.944720643467
59.108701816 0.944720643467
59.139417122 0.954616357394
59.175562264 0.957111362571
59.208163288 0.957111362571
59.224394805 0.958245263765
59.268776985 0.958245263765
59.295812941 0.957843692296
59.302018232 0.957843692296
59.322393303 0.953623672356
59.355395888 0.953623672356
59.366476538 0.950620919344
59.375786297 0.950620919344
59.413228806 0.950620919344
59.413818539 0.950620919344
59.427118857 0.950620919344
59.461671029 0.947073857326
59.518034909 0.926494890148
59.570341045 0.920166006244
59.579434444 0.920166006244
59.59318469 0.91279136111
59.626994125 0.91279136111
59.641578536 0.909673144458
59.662549641 0.909673144458
59.691028654 0.899203869282
59.716243836 0.898301245791
59.747626458 0.898818673729
59.762096923 0.898818673729
59.778162942 0.898818673729
59.80534205 0.898818673729
59.817975527 0.898818673729
59.820103472 0.898818673729
59.853379333 0.904765992444
59.925770092 0.881091111065
59.954656186 0.881091111065
59.983711377 0.881091111065
59.997146384 0.864428206515
60.018150628 0.862229336745
60.031479881 0.862229336745
60.054153196 0.862229336745
60.112739599 0.793910027274
60.138564287 0.799895479437
60.138927625 0.799895479437
60.15575956 0.799895479437
60.174544569 0.79459806062
60.176378977 0.79459806062
60.182635325 0.79459806062
60.225160362 0.791441072003
60.235949914 0.791441072003
60.265555799 0.791441072003
60.294614079 0.791441072003
60.308223042 0.791441072003
60.319471064 0.77922450668
60.381188414 0.716758339966
60.408890407 0.716758339966
60.428192348 0.71592559162
60.45010226 0.71592559162
60.465190852 0.79638906561
60.521367506 0.783599836849
60.546618706 0.793383420545
60.587952851 0.778197663344
60.624501714 0.77927167293
60.683002839 0.850240437459
60.706507834 0.865139846222
60.74229752 0.874333479216
60.756062821 0.874333479216
60.75991284 0.874333479216
60.823220642 0.871086604576
60.831216222 0.883961039123
60.875762433 0.883961039123
60.879192689 0.883961039123
60.892167592 0.883961039123
60.914757498 0.920853336307
60.957441628 0.920853336307
60.961498445 0.938666609178
60.978813484 0.915124563622
60.985242066 0.921792122561
61.01839068 0.921792122561
61.039808672 0.905071529882
61.06413342 0.908823813196
61.070860573 0.907948564587
61.158673192 0.960199516273
61.162224262 0.957563202125
61.183594344 0.990566023607
61.18385006 0.982325853163
61.248770356 0.982325853163
61.277620765 0.949196571379
61.301319866 0.942038127412
61.427682158 0.95095046053
61.446485147 0.903867395045
61.5078738 0.898576087184
61.571972406 0.864040487642
61.636411146 0.889675948737
61.685544488 0.932196949862
61.738965096 0.910311376313
61.795106363 0.915880808788
61.828252217 0.889668166476
61.859654488 0.932196949862
61.861897064 0.954971436316
61.891784789 0.954971436316
61.892894574 0.96114403258
61.929554659 0.96114403258
61.962682296 0.966544979875
61.998965726 0.972316195149
62.032541583 0.975591071603
62.061852608 0.982089124308
62.080143042 0.975543470985
62.11434736 0.97187975944
62.133972215 0.983505003933
62.164216195 0.986265440687
62.196655525 0.99162293526
62.462042785 0.955875390646
62.488013844 0.968545135173
62.522101896 0.97046900045
62.543483006 0.96746426405
62.594227522 0.98733283428
62.641572781 0.991301938398
62.69174635 0.982268744786
62.710795955 0.977614609009
62.7406232 0.977458778476
62.761558023 0.974030551002
62.786749217 0.969278841829
62.787423802 0.978064419102
62.812515062 0.977125517256
62.814995862 0.981845882759
62.879762112 0.982057608372
62.973727733 0.957824171721
63.071748212 0.95937913349
63.154033434 0.954410870695
63.169540133 0.953075788301
63.213022236 0.876893036705
63.255049336 0.853167494109
63.296461844 0.866322313877
63.328236949 0.868367655123
63.345521977 0.866538250772
63.372385616 0.867280089851
63.417117486 0.850312122587
63.468193995 0.855949309642
63.517042511 0.907162292624
63.604804452 0.928461852318
63.615195807 0.893900700848
63.663200741 0.89266928318
63.682433453 0.889435191119
63.827701078 0.897831025162
63.847926311 0.858885515234
63.896759685 0.868947826104
63.956553905 0.856793941552
63.998692595 0.864485790512
64.005341131 0.877295791333
64.0452553 0.877323407627
64.09557163 0.935353661684
64.099005314 0.935115411317
64.138504797 0.936426554762
64.179011043 0.921104995521
64.220632383 0.924710149033
64.254858878 0.925498409688
64.299779911 0.929402257307
64.371243011 0.959564224634
64.405790149 0.959564224634
64.418767453 0.959564224634
64.498582528 0.959564224634
64.560278506 0.959564224634
64.601306618 0.959564224634
64.622371356 0.959564224634
64.696263362 0.959564224634
64.763298798 0.813928044417
64.818521677 0.842889960377
64.865637497 0.94451343126
65.002353203 0.952116675259
65.063866184 0.957848199747
65.120144953 0.957848199747
65.142333114 0.963559937085
65.242114752 0.963559937085
65.305801762 0.963816087676
65.382817508 0.968913582102
65.408767852 0.968913582102
65.565947276 0.977846675877
65.582478424 0.977856959482
65.61081158 0.977856959482
65.679482996 0.976854232824
65.729684384 0.976854232824
65.78894419 0.976854232824
65.864364749 0.976854232824
65.943448471 0.976854232824
66.034117814 0.976854232824
66.065773952 0.976854232824
66.093181047 0.976854232824
66.140583029 0.976854232824
66.195831176 0.976854232824
66.305496838 0.976854232824
66.341057615 0.976854232824
66.37869297 0.976854232824
66.418806817 0.976854232824
66.456716484 0.976854232824
66.481247465 0.976854232824
66.505607591 0.976854232824
66.545125981 0.976854232824
66.559036005 0.976854232824
66.589733053 0.976854232824
66.6525395 0.976854232824
66.702197927 0.976854232824
66.738126054 0.976854232824
66.762771625 0.976854232824
66.783188521 0.976854232824
66.794097184 0.976854232824
66.826652017 0.976854232824
66.866263461 0.94968270607
66.893506128 0.9885083375
66.903957494 0.9885083375
66.940557751 0.979667409239
66.967076132 0.979667409239
66.983336539 0.965149569676
67.029110275 0.936376278892
67.07294425 0.878126465761
67.10591671 0.906743446614
67.175094967 0.843042797927
67.180506964 0.843042797927
67.278866443 0.90870924953
67.29817307 0.905236583203
67.322890043 0.894355161433
67.342942789 0.894355161433
67.352379901 0.894355161433
67.367740391 0.931769301747
67.405886004 0.958168796873
67.44081855 0.9651931313
67.46490747 0.9651931313
67.488368644 0.962291884488
67.533899313 0.958939179998
67.535836694 0.958939179998
67.545597408 0.958939179998
67.570751209 0.959082812482
67.601102374 0.959082812482
67.614055629 0.93821955682
67.636944188 0.930156503341
67.659699238 0.93960353403
67.693541264 0.93960353403
67.761426432 0.946311387097
67.781125303 0.944900625704
67.808896301 0.941480159935
67.822839456 0.941480159935
67.84242276 0.941480159935
67.881869038 0.956094827751
67.902388228 0.95753462333
67.937268696 0.955618735794
67.962946019 0.969609253774
67.978091149 0.969609253774
67.983154359 0.969609253774
68.00338782 0.96918937409
68.020489533 0.96918937409
68.039407954 0.973271615199
68.064430484 0.973271615199
68.086139133 0.974091266907
68.107675184 0.974091266907
68.109456223 0.974091266907
68.149652671 0.970492118103
68.189648507 0.971371706359
68.191334094 0.971371706359
68.212268645 0.968970158887
68.227268641 0.966450668004
68.27633737 0.962639641767
68.317773175 0.973225802137
68.321233769 0.973225802137
68.33131636 0.972683246803
68.369697126 0.973284457625
68.376556755 0.979718388732
68.430766114 0.971887890347
68.47973523 0.973851086312
68.537680704 0.981617091477
68.581017835 0.980846176768
68.624183347 0.962059674863
68.64912223 0.97113557956
68.670659238 0.969908715409
68.686294335 0.969908715409
68.703555037 0.964090153197
68.715155368 0.964090153197
68.737850385 0.939834949278
68.744616915 0.94012474835
68.77188655 0.930244289509
68.780818702 0.925938034146
68.811256103 0.929737305616
68.834680346 0.934351412401
68.867617278 0.939181184474
68.882408578 0.939181184474
68.895719088 0.935896553447
68.907225361 0.932629101294
68.94233588 0.927600464315
68.973217823 0.925482520075
68.984326147 0.907337146175
69.020596444 0.913673832611
69.053308317 0.888698176186
69.063305556 0.831203905959
69.069945512 0.826016626098
69.106666114 0.819822118406
69.137833968 0.815782317209
69.182208962 0.816865370463
69.197389458 0.813565051487
69.199094133 0.809065696852
69.217535033 0.778104818197
69.221402668 0.775181786217
69.255437984 0.775181786217
69.304692884 0.650814640461
69.313345149 0.650814640461
69.344114809 0.647871123541
69.404625387 0.646353604234
69.422408843 0.614246228232
69.45011526 0.646123350139
69.554508185 0.742864615126
69.566195802 0.760072233654
69.593957833 0.800819260401
69.664084932 0.827478634984
69.712992642 0.843537458475
69.73318865 0.843537458475
69.748546059 0.849938041916
69.767479915 0.849938041916
69.824450275 0.888643986191
69.880759306 0.919156126816
69.914355687 0.919156126816
69.925005121 0.884372180005
69.944298612 0.884372180005
69.969315654 0.872673873297
70.071196986 0.899978537407
70.098680886 0.907026653035
70.225671301 0.940585639451
70.240166443 0.94036470763
70.257979953 0.94036470763
70.298546777 0.940583910677
70.313612356 0.940522677332
70.345371577 0.940522677332
70.362940956 0.93754214095
70.397882853 0.942124976001
70.408642918 0.937846820411
70.444587909 0.937846820411
70.455008711 0.925598834716
70.490694289 0.919957777664
70.506931161 0.91324062321
70.532381623 0.91324062321
70.552507826 0.891934860667
70.561762475 0.891934860667
70.602118227 0.88077206302
70.61450966 0.862128368681
70.620843806 0.862128368681
70.643028347 0.865986129147
70.646669542 0.865986129147
70.667088869 0.85785355398
70.668524892 0.85785355398
70.693722889 0.84602590433
70.70970801 0.840206795957
70.737022158 0.889078509632
70.750333857 0.894963304159
70.776592714 0.868788997073
70.810493438 0.875931062962
70.8656971 0.87399124631
70.882074768 0.890386633718
70.924160092 0.885304106746
70.950987608 0.895856268091
70.997642556 0.904260027624
71.034468676 0.926853602772
71.052840884 0.940967591726
71.105265656 0.943950706597
71.120064521 0.955597987619
71.131961358 0.920405847625
71.149766047 0.924349053117
71.163845319 0.912369165777
71.195991324 0.916179587374
71.214953402 0.858428119018
71.245340669 0.854533149504
71.257537639 0.85965677181
71.302584633 0.839761243407
71.318501135 0.852436475943
71.338590776 0.849255559467
71.352920964 0.844377893935
71.398414007 0.847637541469
71.41910435 0.863069359942
71.470733214 0.858695896534
71.573463552 0.809992144732
71.597730239 0.806002547208
71.625851495 0.8117585128
71.637967043 0.798408651615
71.667740721 0.778868242515
71.702283421 0.834941985731
71.704184234 0.850762659744
71.737432702 0.860008987731
71.771706224 0.928916706041
71.79408871 0.934387562092
71.804436635 0.930870757306
71.826897238 0.933326371806
71.849042041 0.935730275451
71.892585866 0.892649285886
71.924359087 0.958920847473
71.947092158 0.958769376713
71.982388397 0.949814239224
72.036428351 0.981459057484
72.065412391 0.980231091533
72.118501429 0.989452102797
72.156607885 0.988854728216
72.203873095 0.982944183707
72.223093402 0.982076222583
72.26362919 0.987034318453
72.297454751 0.98731853698
72.332488674 0.99316888769
72.392491662 0.995291963961
72.437461124 0.993123902064
72.462703502 0.992949855741
72.498208069 0.99331198398
72.529629748 0.99303008263
72.550524455 0.998410123675
72.559429403 0.997716074684
72.591568871 0.991843358611
72.596979147 0.993017689678
72.604173443 0.993017689678
72.626381487 0.989266322423
72.660769265 0.992352572588
72.714288821 0.995011282826
72.741872474 0.997782947996
72.767864764 0.998059350362
72.812537799 0.994719256595
72.835852647 0.992520664824
72.872544522 0.998236118571
72.90616777 0.998713718051
72.932399923 0.999921926374
72.945452809 0.999815602237
72.96166352 0.999829044304
72.993680897 0.996595964355
73.016192719 0.988366077748
73.049987907 0.987505822608
73.080855674 0.988644525544
73.10353682 0.988929767211
73.147132216 0.989796402446
73.19626111 0.990790178789
73.226979874 0.996112963365
73.237719301 0.984732736927
73.28107955 0.984414451525
73.317505849 0.988561539182
73.350975106 0.994506558547
73.375075714 0.994560159103
73.385456404 0.997847384328
73.412285444 0.993514647478
73.472353055 0.94481798385
73.501145039 0.990390983646
73.601190395 0.993775192766
73.649453578 0.987438493782
73.664486995 0.955120589081
73.701657715 0.972770511098
73.788141012 0.973672280721
73.832409363 0.897571967947
73.912699838 0.897021104693
73.965330591 0.893785341384
74.004894239 0.942375146646
74.040003138 0.963604114626
74.0758975 0.951371027958
74.106889526 0.979058729414
74.146368346 0.980518456196
74.190044314 0.987622801087
74.242440254 0.929444172474
74.275277342 0.945555632918
74.32246501 0.951945422724
74.322634219 0.966155103252
74.348221378 0.967542101022
74.371379269 0.971590364834
74.401700562 0.960585838211
74.540418751 0.958758141563
74.556357904 0.996513833306
74.568909074 0.996513833306
74.590644805 0.994966862367
74.611971041 0.991128555868
74.633706852 0.985816619894
74.654984586 0.984851237398
74.671620068 0.985296389177
74.687460127 0.978433019635
74.716999652 0.981984350188
74.74423492 0.988584448928
74.777638401 0.987884755181
74.790742539 0.966675139551
74.811438462 0.965568739991
74.820322143 0.957920560966
74.829434139 0.955454200488
74.842871861 0.955454200488
74.879830201 0.955454200488
74.895165201 0.955454200488
74.917669685 0.955454200488
74.928455212 0.955454200488
74.988136257 0.955454200488
75.013976917 0.955454200488
75.051859143 0.955454200488
