0.793884497 0.999437010594
0.861253419 0.935529891229
0.959109337 0.875401456451
1.051482212 0.867287259894
1.058804672 0.867287259894
1.067604075 0.874213436096
1.180248648 0.91212904698
1.212097956 0.91212904698
1.291519671 0.91212904698
1.383513123 0.91212904698
1.396546847 0.91212904698
1.485270539 0.91212904698
1.584078284 0.91212904698
1.597369704 0.91212904698
1.723132278 0.938530928047
1.815168871 0.93796019627
1.908679006 0.934848505276
1.923235162 0.934848505276
1.928882502 0.934848505276
1.946397701 0.934848505276
1.969573998 0.931940368899
1.9802565 0.946855996295
2.001390062 0.946855996295
2.016478247 0.946855996295
2.046913834 0.978396938449
2.084203324 0.981094964163
2.3697132 0.982144726623
2.377170859 0.982144726623
2.569960592 0.982042430272
2.589470751 0.982042430272
2.629260891 0.982042430272
2.649754408 0.982042430272
2.661812728 0.982042430272
2.686501159 0.982042430272
2.709908655 0.982042430272
2.72162241 0.982042430272
2.767245209 0.982042430272
2.792881124 0.982042430272
2.821821644 0.982042430272
2.835627625 0.982042430272
2.862397208 0.982042430272
2.890256767 0.982042430272
2.925012234 0.982042430272
2.936218989 0.982042430272
2.946976248 0.982042430272
3.218204052 0.982126727838
3.30670965 0.993061265043
3.330122732 0.994339085265
3.387178815 0.993211272737
3.396340461 0.993225666378
3.430361788 0.993218124628
3.469792364 0.994793687584
3.496187403 0.995241202493
3.534488023 0.995014194976
3.589805693 0.995010425921
3.60052433 0.995010425921
3.613042338 0.995010425921
3.629665519 0.994806744327
3.638392769 0.994806744327
3.657903704 0.994806744327
3.665093836 0.994806744327
3.673345562 0.994806744327
3.700813425 0.994806744327
3.725420311 0.986884119479
3.748968021 0.986884119479
3.756161587 0.990328411012
3.784461801 0.992796441574
4.065078975 0.993397371695
4.088371935 0.987933218439
4.136589656 0.995836938647
4.183748611 0.997047885131
4.210703025 0.997280098276
4.425385049 0.99922899037
4.431961066 0.931984115612
4.443822284 0.940250756314
4.469818254 0.950375024819
4.479602813 0.95736294363
4.488686342 0.963749506788
4.497161217 0.969549371951
4.519594961 0.987215130564
4.567455065 0.986168285371
4.605015587 0.984758155233
4.675578164 0.987092973972
4.714796973 0.990597299059
4.742876634 0.987766646156
4.854781761 0.983885104948
4.933680212 0.982882273773
4.952608846 0.982882273773
4.960826146 0.981916389638
4.973189804 0.981916389638
4.98094505 0.981916389638
5.008674735 0.988338703104
5.029581221 0.991128581462
5.200120433 0.987789990902
5.281993809 0.989191512134
5.302440419 0.989711220844
5.311378948 0.989711220844
5.326359121 0.989711220844
5.340762874 0.989711220844
5.395686788 0.990648884613
5.43895872 0.986214906782
5.479785696 0.985196000506
5.537676837 0.982210697779
5.581509147 0.981161031609
5.652828842 0.985634161906
5.70629081 0.983997895662
5.770192022 0.991530895287
5.791991983 0.991530895287
5.830663046 0.992277959605
5.853221526 0.992277959605
5.865392537 0.991576496656
5.897895815 0.992130244228
5.980310573 0.98704381389
6.048821404 0.985338108667
6.074761151 0.984324114494
6.12448328 0.986109304023
6.204944596 0.987837542768
6.252898811 0.987712210726
6.266413173 0.987062661954
6.29461035 0.987062661954
6.370793695 0.986494810311
6.526912977 0.988144562676
6.616789196 0.989108728123
6.66051713 0.987973622289
6.713607533 0.987973622289
6.779216323 0.986924913986
6.900211031 0.989674938437
7.019202924 0.989673921126
7.060078988 0.988406243645
7.126157645 0.986973134313
7.147773991 0.986973134313
7.173430422 0.985063822417
7.223879466 0.985063822417
7.284888606 0.989618326246
7.325115821 0.989618326246
7.369236242 0.989548792222
7.407639635 0.992800018032
7.464660298 0.992800018032
7.478312592 0.992895394957
7.492094265 0.992895394957
7.503375244 0.992895394957
7.537815184 0.994022714613
7.595090079 0.993976212655
7.669129679 0.993381990592
7.689267498 0.993381990592
7.776496317 0.993527486122
7.800349729 0.993527486122
7.811983119 0.994042475177
7.831058211 0.995004640751
7.911766837 0.99232050721
7.921022527 0.99232050721
7.932134575 0.99232050721
7.949142133 0.99232050721
7.96213383 0.99232050721
7.989487018 0.994626264069
8.040496481 0.994815526647
8.079859119 0.994815526647
8.178678815 0.995229941346
8.188717457 0.996120506386
8.239433717 0.99618200278
8.258864979 0.99618200278
8.336701052 0.997013325911
8.354379667 0.997013325911
8.363359273 0.997013325911
8.376291055 0.997013325911
8.49164914 0.999425185866
8.519761507 0.999709969138
8.628308618 0.999646219593
8.638141727 0.999646219593
8.6531177 0.999770351944
8.661546587 0.999770351944
8.719337755 0.999369163747
8.733739191 0.999369163747
8.756426459 0.999800700151
8.777313297 0.999800700151
8.807511423 0.99942980438
8.829129754 0.999172779449
8.849283389 0.999595331107
8.878178624 0.999086969603
8.930053122 0.999830642779
8.940632344 0.999830642779
9.025200686 0.999463771436
9.149346139 0.999912492165
9.276183566 0.998703620082
9.295694341 0.998703620082
9.407632519 0.999847443385
9.442313051 0.999987951356
9.488506535 0.994555512201
9.604270438 0.998908678076
9.627005531 0.999526660366
9.662881181 0.998586891694
9.684178726 0.999348256526
9.710060425 0.999348256526
9.748925851 0.999967483073
9.795317909 0.999967483073
9.808897826 0.999967483073
9.875104839 0.999967483073
9.916628105 0.999967483073
9.940655564 0.999967483073
10.000752552 0.999967483073
10.018558325 0.999967483073
10.061771999 0.999967483073
10.087767333 0.999967483073
10.088256739 0.999967483073
10.117272734 0.999967483073
10.150670355 0.999967483073
10.162628535 0.999967483073
10.269614407 0.999967483073
10.31578389 0.999967483073
10.351578084 0.999967483073
10.38964042 0.999967483073
10.421277724 0.999967483073
10.437402484 0.999967483073
10.465408279 0.999471419989
10.518219197 0.996939249225
10.622040775 0.999230207494
10.66115496 0.999230207494
10.696236546 0.999230207494
10.730510641 0.999230207494
10.752942314 0.999230207494
10.789848189 0.998680043583
10.841641685 0.99849274166
10.853009214 0.99849274166
10.863065701 0.99849274166
10.991153734 0.998861759336
11.034352135 0.999156440373
11.047224682 0.999156440373
11.101773586 0.998549263834
11.213142179 0.980734997437
11.236325591 0.990961331828
11.276404691 0.997120184277
11.296749837 0.997120184277
11.328167081 0.999068168062
11.42465031 0.999109129679
11.443650428 0.999109129679
11.45431145 0.999109129679
11.49601662 0.986891541533
11.516418214 0.986891541533
11.537298215 0.986891541533
11.559864044 0.936935463774
11.579330869 0.954394354005
11.604566038 0.968028541605
11.800006454 0.978122257072
11.808850318 0.978122257072
11.842553049 0.983807539584
11.90420495 0.983807539584
11.941222716 0.983807539584
11.995759486 0.983807539584
12.010422686 0.983807539584
12.067073765 0.983807539584
12.133632989 0.983807539584
12.146263529 0.983807539584
12.222531423 0.989403035937
12.288694482 0.989403035937
12.319846375 0.989403035937
12.424811157 0.990260760295
12.476011266 0.990260760295
12.580996167 0.990260760295
12.624657126 0.990260760295
12.641341256 0.990260760295
12.668383022 0.990260760295
12.80193359 0.990674847592
12.822512687 0.965151265774
12.835150966 0.962358706948
12.842693367 0.961320019268
12.939882163 0.992319205066
12.968049692 0.991091640361
12.989990767 0.993645622685
13.078266451 0.994964791939
13.139280097 0.999678727075
13.222904207 0.999315469992
13.291826936 0.999753905308
13.404432744 0.999786837687
13.431343754 0.994794626756
13.440385247 0.988729794427
13.462209112 0.99305533671
13.572709875 0.981494232778
13.590481991 0.991643606904
13.620714426 0.990982599217
13.721197051 0.994601632596
13.754691369 0.997619216909
13.781038781 0.991341693898
13.876742627 0.998721174633
13.898687164 0.999381976489
14.001697654 0.997246140151
14.038638399 0.999775894281
14.110013869 0.99990176606
14.174416485 0.980778761757
14.250937327 0.984701527723
14.398144554 0.970439685167
14.45316233 0.989826493461
14.58716681 0.98304974833
14.759511311 0.986675143476
14.805479032 0.989458315279
14.817840383 0.985395094878
14.896820117 0.997766917915
14.95617504 0.988971056337
15.042878637 0.999116134178
15.109396474 0.997929745242
15.185376528 0.998953843596
15.235067149 0.993817761357
15.260301403 0.993817761357
15.27416617 0.994509619811
15.324647729 0.990817462889
15.420079731 0.990817603859
15.462696683 0.977064624848
15.604412344 0.998015418811
15.742463963 0.998178264211
15.751613994 0.998178264211
15.765686039 0.994693583486
15.786365247 0.994693583486
15.810069421 0.994693583486
15.817089507 0.99548749105
15.832076909 0.977870506633
15.901156629 0.984902407947
15.929784999 0.997852007824
15.950584471 0.999948146401
15.964123565 0.996014674001
15.978224758 0.991230241819
16.066271932 0.986946152289
16.087546489 0.999892059123
16.105706297 0.999985988525
16.122243794 0.9869202744
16.210321252 0.989526907605
16.233252016 0.988817296738
16.247848691 0.997588943151
16.265488614 0.997730979636
16.346042364 0.996883974979
16.384289513 0.996885037402
16.407630848 0.996240391419
16.46324957 0.993999408754
16.522113411 0.981006980744
16.603282809 0.997608991651
16.666052034 0.979580752768
16.741426308 0.999280166768
16.90382974 0.999793074816
17.02480778 0.945030665401
17.106377315 0.99921173183
17.179164316 0.999489979484
17.255084231 0.999489979484
17.322588572 0.999489979484
17.393399439 0.999489979484
17.463216096 0.999489979484
17.46773039 0.999489979484
17.476158846 0.999489979484
17.535473709 0.993770042365
17.606670835 0.985620019055
17.671950948 0.991297054906
17.751558233 0.999306762044
17.786843326 0.978920521042
17.821449165 0.989511995426
17.897389562 0.998769002524
17.909851206 0.999193542508
17.988051158 0.999193542508
17.997786755 0.999193542508
18.024961209 0.999405342539
18.048195494 0.999405342539
18.126251464 0.999501937726
18.166203075 0.999743124799
18.367349973 0.99472920691
18.438466974 0.980501133288
18.447091222 0.981042479404
18.466274809 0.998558220645
18.584619439 0.999487987357
18.589189199 0.979011710068
18.601070774 0.998754624891
18.727100566 0.999040450818
18.735770335 0.999887749595
18.748296458 0.999497162638
18.766722802 0.998696502376
18.868828391 0.999889859246
18.885481609 0.990213238648
18.892607085 0.992867143351
18.910838066 0.990953599065
19.010212646 0.997664912923
19.037546617 0.998918226695
19.091597615 0.998300890709
19.17514231 0.995472291478
19.197996407 0.990698730934
19.315944008 0.992776762503
19.327256896 0.989394094387
19.340663591 0.998586995147
19.377935134 0.997344245582
19.467306417 0.995485598668
19.51812283 0.996394664172
19.603488031 0.999074593525
19.622247152 0.992469387355
19.63546996 0.995800755111
19.749019199 0.998628187575
19.778581829 0.999540295852
19.804964228 0.998761110123
19.885770676 0.998790367458
19.926386092 0.99890056937
20.103774141 0.976172355115
20.185049746 0.987322961764
20.265545187 0.975642111898
20.337399157 0.997168715205
20.463398846 0.99674552713
20.543798224 0.996894257978
20.62359251 0.996605573403
20.696223383 0.996413046995
20.789523023 0.996413046995
20.852960194 0.996924355693
20.858505728 0.997881351951
20.93245292 0.992111328791
20.985862486 0.986683713251
21.001813185 0.975533545387
21.029466038 0.989170039448
21.125440139 0.999155062771
21.146080416 0.997122449794
21.173556037 0.998978761865
21.258101639 0.9985432323
21.31909525 0.998306430804
21.368602202 0.999821383384
21.396172092 0.999773662503
21.435364312 0.998672251444
21.460917824 0.992734968149
21.508916698 0.98089967342
21.572450837 0.978706790557
21.643360377 0.998027705613
21.723866674 0.99801413006
21.791464042 0.982122489066
21.919361719 0.995981434125
21.998444207 0.947023574727
22.125970388 0.974741705176
22.140021801 0.974741705176
22.156438483 0.974741705176
22.267243193 0.976877550974
22.326287724 0.985762850353
22.343188258 0.985762850353
22.407655858 0.98759960436
22.464985441 0.983725286569
22.545674446 0.983441711156
22.692208629 0.999515610796
22.832071679 0.991050014051
22.966367705 0.991050014051
23.107062243 0.991050014051
23.247326252 0.991050014051
23.264447106 0.991050014051
23.275752193 0.991050014051
23.284487839 0.991050014051
23.298793076 0.991050014051
23.314214745 0.991050014051
23.327762849 0.989632485712
23.46527967 0.978410191303
23.474730415 0.978410191303
23.491214773 0.993941154479
23.506629458 0.989504390266
23.633627214 0.998516816691
23.64796151 0.99859130249
23.665933873 0.995887210119
23.785533769 0.987584236862
23.826923221 0.983897039161
23.850966654 0.982723282272
23.924847268 0.989587776636
23.989590951 0.984385870462
24.022457394 0.984662286536
24.068569115 0.984805183143
24.142870596 0.990822256245
24.160628812 0.986582512943
24.204776794 0.990898932029
24.304903208 0.994146670689
24.341952233 0.994852541203
24.4620705 0.994852541203
24.488944336 0.994852541203
24.628849444 0.994852541203
24.644699072 0.994852541203
24.655846645 0.994852541203
24.799117678 0.992946466952
24.809535387 0.992946466952
24.957778141 0.996550609332
24.963145052 0.996550609332
25.107470229 0.994037292447
25.108881667 0.994037292447
25.187964899 0.994037292447
25.24563997 0.994037292447
25.303253677 0.994037292447
25.38190723 0.994037292447
25.425706466 0.994037292447
25.436120195 0.994037292447
25.451017825 0.994037292447
25.468424373 0.994773341684
25.588311503 0.997150720403
25.620583754 0.995220728968
25.63274113 0.987213224197
25.648574932 0.988459821814
25.728120521 0.996333486359
25.761209171 0.995763247109
25.788483312 0.99905300296
25.868288034 0.985925112453
25.903860154 0.985925112453
25.935003041 0.986374052196
26.066016337 0.986376687983
26.075537351 0.986376687983
26.187124162 0.987097533317
26.262930771 0.987097533317
26.309455961 0.987097533317
26.459522844 0.987097533317
26.558718774 0.987254517581
26.602147333 0.999192882524
26.642159575 0.994024188108
26.70146934 0.986318912762
26.740727063 0.992407060468
26.756446374 0.996515330624
26.791822148 0.998782836406
26.851877156 0.998134339015
26.874997258 0.998251718791
26.900805019 0.998981700833
27.012189781 0.99988063547
27.12754723 0.999263124881
27.179037575 0.999898847879
27.322912856 0.999287378754
27.324108517 0.986522609985
27.381214325 0.999549059476
27.463114375 0.992735675017
27.498638098 0.9992090935
27.519840938 0.999091985288
27.530233968 0.999091985288
27.546534155 0.999091985288
27.635950413 0.992577967527
27.671694168 0.999003553004
27.689852248 0.999134383932
27.798564786 0.995726969845
27.812675258 0.993885054236
27.836925586 0.993919343786
27.9160382 0.999938672029
27.942808217 0.999265345343
27.956850523 0.999770089978
27.986665477 0.999766877701
28.069259446 0.999950404069
28.097044552 0.999938350999
28.218254025 0.999348997751
28.293877452 0.975903171098
28.359603575 0.999346954012
28.435912515 0.976118899244
28.544692563 0.986222539279
28.644487215 0.991351106971
28.708035663 0.987330118692
28.783575864 0.992267631732
28.841989336 0.986672087056
28.921365155 0.986020640991
28.929475173 0.986020640991
28.945373251 0.986020640991
28.990229011 0.97481943584
29.06262789 0.972830174373
29.089429644 0.972830174373
29.134092578 0.985221568944
29.217094134 0.996120127622
29.251920769 0.996429650833
29.266643858 0.995383543603
29.275370806 0.993402774627
29.355234148 0.999270508944
29.395072868 0.993447590047
29.403134238 0.99338176259
29.419178102 0.992845173283
29.539884499 0.999935997873
29.562615246 0.999940593489
29.693455648 0.99996419039
29.716527077 0.998865528798
29.729509588 0.998387650363
29.831517839 0.993313670787
29.855436245 0.99941883844
29.861993866 0.987670013267
29.878537971 0.99945913223
30.017475188 0.998468405108
30.030838014 0.998984969363
30.148686758 0.999749163228
30.172963963 0.992078421133
30.288571111 0.998706693038
30.301639092 0.9972991549
30.327481901 0.99979668956
30.446533755 0.999484513204
30.466119636 0.999695158599
30.477886525 0.982192587095
30.494479365 0.999592263561
30.590615401 0.994608137291
30.606536062 0.998503729481
30.618750247 0.997393379156
30.630867916 0.999222408508
30.728190817 0.995389307786
30.742205547 0.999383325377
30.767794532 0.999225918926
30.879379277 0.99857930355
30.905542749 0.997279310706
30.916161641 0.999471811196
31.018825871 0.999575753223
31.065464272 0.998941914429
31.175700284 0.998284414732
31.207579347 0.998941221316
31.224184266 0.998859279582
31.311561524 0.994809380143
31.352836403 0.99929440765
31.360130976 0.999293250579
31.37350963 0.999064551434
31.457932051 0.998643138401
31.490232663 0.999862840173
31.520036935 0.999415873308
31.597782732 0.997347615275
31.629031629 0.997310814468
31.647420042 0.997838815491
31.655214309 0.999363540074
31.743042089 0.999255866992
31.789998939 0.999844318647
31.836763039 0.999635983334
31.934108434 0.984731042293
31.938284981 0.978939804854
31.950692511 0.993684470722
32.078573234 0.988979801188
32.101187182 0.996870862549
32.219766764 0.996414755571
32.242232814 0.998680615944
32.255742688 0.996334250403
32.359321941 0.998652929131
32.374083389 0.998461943799
32.398293981 0.999137173021
32.497478566 0.999426028566
32.514774049 0.998888695032
32.530594037 0.967844396866
32.656300271 0.999183544386
32.683486506 0.994211827111
32.808480285 0.998938159685
32.832438825 0.959326157267
32.916785631 0.998888015812
32.948240723 0.998888015812
32.975637177 0.995368383236
32.98641544 0.995368383236
33.029002097 0.999687858251
33.116506077 0.999772562843
33.128047551 0.999741434607
33.167604837 0.999907963396
33.232219442 0.999989642336
33.253592223 0.999991224422
33.324437811 0.995804178759
33.51052621 0.998212212006
33.651965848 0.997117265248
33.70786083 0.999218659374
33.820753098 0.997537651035
33.952083472 0.981753863017
33.98257794 0.981753863017
34.12356623 0.989616057619
34.147715029 0.990694324506
34.240050512 0.990694324506
34.310331734 0.990694324506
34.37839841 0.990694324506
34.48598057 0.993676510693
34.518613303 0.997262382888
34.638388544 0.993624500695
34.675242617 0.991977209965
34.723286923 0.998384296901
34.811428058 0.996007310179
34.840043358 0.974601751495
34.94796712 0.9933403651
34.965990665 0.995789286071
34.97602162 0.997877891225
35.108295033 0.994992710473
35.12313837 0.999570563309
35.145304531 0.998069798203
35.157065844 0.98847900746
35.247467211 0.998091364671
35.267594406 0.996406270015
35.282930867 0.998786186334
35.299118513 0.998047861428
35.406668918 0.992629296932
35.438432279 0.998679535281
35.450902241 0.997167069357
35.54592513 0.999055167999
35.584386353 0.998381095
35.631604817 0.998206317265
35.724884465 0.992077732635
35.742268608 0.985514828463
35.881542402 0.99487806974
35.900811432 0.99896403417
35.916071426 0.997204156325
36.024627903 0.995230542875
36.042067256 0.99946399392
36.062665471 0.977308339098
36.16769264 0.971837456073
36.191306793 0.998455320401
36.202604686 0.995980899812
36.329584732 0.972825117226
36.338469528 0.99730873417
36.352507268 0.996015377691
36.456008916 0.995236445544
36.497350937 0.996014344731
36.59610716 0.994498809306
36.624967125 0.992416661631
36.682654709 0.993117900265
36.763690335 0.986375574199
36.788783923 0.981024259175
36.908418893 0.987407987641
36.932370611 0.99212401084
36.94943953 0.997947176106
37.054619702 0.993580697555
37.097609909 0.994357092356
37.109422743 0.989793318887
37.192386444 0.992218511221
37.251153876 0.994357092356
37.266542658 0.994357092356
37.402298677 0.994357092356
37.439191805 0.994357092356
37.53879321 0.994955786095
37.622940223 0.996275750186
37.723676603 0.996275750186
37.830254503 0.996275750186
37.87093198 0.996275750186
37.965510735 0.996275750186
38.202541026 0.996736256263
38.309354601 0.996736256263
38.428259772 0.996736256263
38.506583005 0.996736256263
38.704123516 0.996736256263
38.757090462 0.996736256263
38.894772456 0.989344087518
39.04075094 0.995726504973
39.052167479 0.998402301414
39.178658691 0.997842137735
39.18549589 0.997666831712
39.200068722 0.99596669997
39.317979326 0.998476074421
39.327679212 0.998415887687
39.344422273 0.998538814891
39.459489857 0.987263798162
39.473722191 0.987263798162
39.492567751 0.977871655489
39.618070598 0.999010589688
39.638620215 0.999114163023
39.763726302 0.994732012879
39.774269662 0.988846051108
39.782452311 0.996053493123
39.796627948 0.988629177233
39.810684384 0.99617033692
39.910155037 0.980648053139
39.924966452 0.982996326367
39.940329149 0.981213222203
39.948594744 0.983000165935
40.050954883 0.994878893655
40.062992771 0.999375312365
40.081082888 0.999594247582
40.095552929 0.986365412103
40.194065224 0.999412661873
40.203489731 0.998980025187
40.227131907 0.999806775617
40.280949114 0.999974319966
40.418561074 0.987041846962
40.706599458 0.964176252681
40.78706446 0.964176252681
40.797932897 0.986068594683
40.909902923 0.997935483796
40.927083187 0.997935483796
40.950499518 0.997935483796
40.964966464 0.997935483796
41.07500415 0.997935483796
41.105866559 0.997935483796
41.117103287 0.997935483796
41.143191014 0.997797449801
41.222013785 0.997797449801
41.260065658 0.999767613836
41.307084085 0.999767613836
41.362850191 0.999767613836
41.42736115 0.999847414781
41.501380541 0.999847414781
41.637576098 0.999847414781
41.702913484 0.999847414781
41.715764102 0.999847414781
41.723834044 0.999847414781
41.740369224 0.999847414781
41.752186784 0.999847414781
41.765148634 0.999847414781
41.939222036 0.977796138894
41.953275012 0.979272552089
42.070471781 0.998156337098
42.0820802 0.998402200108
42.096200261 0.997994923805
42.110103814 0.991859185677
42.209287347 0.978205270855
42.224069889 0.999783948699
42.237515135 0.999882624994
42.381271001 0.999521688767
42.392243852 0.999521688767
42.488631789 0.994983362004
42.517225826 0.994983362004
42.528598867 0.988843586202
42.588758138 0.982806497163
42.623670025 0.999912191161
42.677051374 0.990764219506
42.744573121 0.983457430599
42.784773047 0.997189994169
42.822301847 0.996750357023
42.872605131 0.995133046714
42.905007847 0.998343272645
42.968811548 0.999971177792
43.152826931 0.99959889666
43.389226942 0.999572180343
43.399490095 0.999572180343
43.414526131 0.999572180343
43.57433269 0.9638246819
43.59275786 0.987494461742
43.60766204 0.983197317109
43.703796305 0.973044333644
43.740907706 0.96727619129
43.751512865 0.963559645633
43.866134969 0.997658277915
43.880835863 0.998583195231
43.895017804 0.998375331891
44.023871411 0.999384922545
44.074513483 0.9998853969
44.162076445 0.989241182525
44.178002067 0.982956642062
44.188168573 0.999250249898
44.299825711 0.982281630732
44.314406161 0.992086789631
44.326480667 0.992674038463
44.341136814 0.981606184907
44.441590178 0.985861059598
44.481377739 0.996689274401
44.587052505 0.994967024927
44.625747055 0.994967024927
44.744697826 0.999624873154
44.761736141 0.999624873154
44.762292349 0.999624873154
44.899087028 0.986422912388
44.906213396 0.999801727183
45.082090845 0.999801727183
45.119577588 0.999801727183
45.200473116 0.999801727183
45.260646836 0.999763226695
45.275001463 0.999763226695
45.284409487 0.999763226695
45.396952561 0.997500360943
45.410697677 0.987422824376
45.417916907 0.999868347827
45.470555054 0.997626589159
45.542075276 0.989499476857
45.559301275 0.98862637606
45.623346478 0.995818264812
45.698542472 0.991839717124
45.791503898 0.974319496997
45.84002587 0.992898038378
45.961963813 0.992654303775
45.982353445 0.993818912429
46.109405815 0.993818912429
46.128368204 0.993818912429
46.136974176 0.993818912429
46.271344782 0.993818912429
46.347565737 0.993818912429
46.391220374 0.995617101774
46.410212109 0.995617101774
46.470357915 0.995617101774
46.599567838 0.995617101774
46.801706897 0.997459338428
46.862452814 0.997459338428
46.875376997 0.997459338428
46.942389693 0.997459338428
47.034965084 0.997459338428
47.063186257 0.997459338428
47.087702425 0.997459338428
47.151066779 0.997459338428
47.188791842 0.997459338428
47.219451862 0.997459338428
47.234064628 0.997459338428
47.29315623 0.997459338428
47.331714383 0.997459338428
47.364775274 0.997459338428
47.375938034 0.999637979148
47.43515685 0.999409743082
47.471223019 0.999860042127
47.518959964 0.999982070866
47.608708434 0.983813692935
47.658077335 0.998820260071
47.674879052 0.985703900863
47.68858194 0.998586495409
47.797284393 0.995678041792
47.819092882 0.997266768984
47.833799948 0.999844359603
47.890323791 0.997374582461
47.933413721 0.996931058638
47.961658441 0.999629880195
47.974099012 0.999844197755
48.106799334 0.999569100109
48.178270243 0.999964791343
48.251529991 0.998976257337
48.299565189 0.989470997102
48.386742961 0.988747116417
48.403610428 0.977609503907
48.539642514 0.986612078295
48.555803304 0.998809593171
48.5767074 0.998925691149
48.681665728 0.997815224999
48.695398507 0.997755617707
48.716582295 0.99789105637
48.816151769 0.999425401074
48.820679692 0.999698178468
48.861452106 0.999302120365
48.958237963 0.984510152759
48.986573069 0.987916065369
49.041819153 0.999435113768
49.125174506 0.988662875891
49.150128629 0.977580987954
49.283123717 0.993415215966
49.293734378 0.99825728066
49.303911342 0.973918444588
49.315115967 0.997249472006
49.420843684 0.995415407055
49.438089441 0.998262979825
49.449029539 0.998681304226
49.465252707 0.99875745296
49.581215851 0.997707838071
49.592536364 0.998683082635
49.698432591 0.999824297693
49.720436215 0.999096394158
49.738370414 0.999652166804
49.751247242 0.999922755616
49.841626861 0.999132169667
49.882264307 0.997635585204
49.938379342 0.994491227837
50.020768374 0.993215179735
50.04828075 0.991335221344
50.17034508 0.996082381068
50.194219917 0.999605514667
50.311165585 0.996507268826
50.318501079 0.981188812956
50.349113496 0.985589425671
50.368045083 0.999585379261
50.458370414 0.997627767212
50.474214018 0.999251298944
50.603574152 0.995512684395
50.628056919 0.998749512522
50.663939813 0.99957900049
50.760186833 0.995520624516
50.825376858 0.995520624516
50.944853549 0.995520624516
50.995574319 0.997414171293
51.104437636 0.997414171293
51.113808362 0.997414171293
51.186342451 0.997414171293
51.256935051 0.997414171293
51.264720625 0.997414171293
51.278652526 0.997414171293
51.34997423 0.997414171293
51.39718988 0.997414171293
51.424102798 0.997414171293
51.536222817 0.997414171293
51.668200332 0.997414171293
51.68120496 0.997414171293
51.801901202 0.997414171293
51.839579998 0.997478206306
51.907446964 0.997478206306
51.930653824 0.961805104792
51.944247416 0.954584944881
51.976228248 0.997643094459
52.050311695 0.984211307214
52.073544265 0.998159467389
52.088331244 0.999433353456
52.120127733 0.955548077985
52.19194747 0.999614540284
52.218896374 0.999516523498
52.228104833 0.999904746549
52.257919571 0.999935220736
52.400306926 0.999656551517
52.51239158 0.999296583997
52.540130199 0.997245176608
52.664316817 0.999936419749
52.691143393 0.999349069119
52.803484839 0.985747464704
52.829246152 0.986011687349
52.841426221 0.979893381624
52.948656052 0.999807318339
52.991917133 0.992499110369
53.00006897 0.99126676707
53.10519845 0.999178166865
53.142546631 0.99817156026
53.282155416 0.996755591261
53.327034382 0.999898631583
53.426485339 0.99992896951
53.441379728 0.99992896951
53.463683681 0.999917472988
53.469635785 0.999917472988
53.585454511 0.999870370131
53.599231636 0.999870370131
53.608434287 0.999870370131
53.667149681 0.999870370131
53.734781226 0.984718808956
53.757026109 0.984718808956
53.801858947 0.984718808956
53.867874182 0.987316862395
53.898259891 0.990174787243
53.914439546 0.996949872823
53.936414486 0.998523442202
54.022264474 0.996106206577
54.041519441 0.997845877968
54.051398115 0.995676705987
54.074718827 0.983115074088
54.196974669 0.997621921313
54.222176085 0.999559518714
54.352195901 0.999444134753
54.371137147 0.999057041247
54.492602403 0.998888794672
54.513998035 0.998826721264
54.527513681 0.998922159638
54.632467169 0.99914580942
54.671098931 0.999249178926
54.789490993 0.987935433996
54.951332525 0.989618402226
54.968049267 0.989857695708
55.111245328 0.993522661748
55.300829885 0.943317237183
55.342229321 0.943317237183
55.464156755 0.953015890992
55.488025777 0.967375705831
55.628020099 0.993209110112
55.765349357 0.991221007691
55.860271485 0.991221007691
55.873714956 0.991221007691
55.901141501 0.991221007691
56.063473256 0.990816292035
56.071224575 0.982690995415
56.084869247 0.985993871706
56.201920869 0.984509892106
56.216091927 0.976068188533
56.226334717 0.995698041026
56.347175186 0.999987927118
56.370776756 0.999985574587
56.488669606 0.999798914175
56.509626697 0.999825918665
56.625088487 0.999876010187
56.66617761 0.999947084083
56.717150525 0.998292880869
56.801940983 0.99607085784
56.82190781 0.975530467911
56.829879769 0.99846423837
56.939864718 0.995837076095
56.948662273 0.988537416937
56.964379095 0.999538116289
56.97510528 0.996590883743
57.082789372 0.996634058604
57.106408464 0.999475863176
57.112926423 0.999475863176
57.188322391 0.995653805521
57.261098226 0.995653805521
57.31098389 0.995653805521
57.343539954 0.995653805521
57.367611356 0.995653805521
57.404280567 0.995346288866
57.446848211 0.995346288866
57.484508182 0.995346288866
57.631787427 0.998974481894
57.708098486 0.998401163422
57.770100755 0.997760039313
57.844030866 0.993520976448
57.860003584 0.975540250166
57.86814389 0.998587930691
57.985945754 0.998386076801
57.99522372 0.986143074976
58.035584161 0.998112922874
58.1312152 0.994334939941
58.138188527 0.99986290553
58.154636562 0.99912041424
58.175302759 0.995565065228
58.274631249 0.99544653785
58.282695481 0.998406255342
58.304493341 0.998294889931
58.410049705 0.999947543005
58.437945253 0.998266520249
58.47432392 0.997397710775
58.582667524 0.999751082236
58.62688136 0.999644621436
58.759409928 0.999747407841
58.783402745 0.999747407841
58.901473536 0.995734427394
58.925012164 0.995734427394
59.022844981 0.995734427394
59.236165841 0.99581046663
59.267430213 0.99581046663
59.392175001 0.99581046663
59.424187289 0.99581046663
59.553479869 0.99581046663
59.5855262 0.99581046663
59.699256455 0.99581046663
59.74135781 0.99581046663
59.782190436 0.99581046663
59.881931754 0.994861477939
59.903512703 0.984539075032
59.915014706 0.998815159924
59.928606211 0.996371570975
60.044916525 0.999734742254
60.057762169 0.997024051683
60.070866885 0.999642324162
60.158203612 0.999506017893
60.263477442 0.988937138511
60.305171878 0.998507154626
60.334760627 0.998507154626
60.353655908 0.998507154626
60.441291032 0.993299003029
60.506418563 0.985293055599
60.530037572 0.993757887281
60.5446727 0.993349312802
60.585726586 0.991739788159
60.674472424 0.997547267683
60.681601337 0.99543755444
60.72956482 0.984036278497
60.789725383 0.999444809777
60.817631356 0.998415961067
60.82658893 0.998453671928
60.87422602 0.999794586788
60.93547957 0.999797771086
60.964525369 0.999856810196
61.055341767 0.999480393883
61.098214554 0.991174306752
61.148977303 0.989745682322
61.259950639 0.996330222053
61.285823116 0.997436534781
61.425954695 0.992984118002
61.542926733 0.999644923538
61.57958349 0.999644923538
61.62756432 0.999644923538
61.722208305 0.999644923538
61.763859058 0.999644923538
61.873717841 0.999644923538
61.89186285 0.999410272131
61.922180737 0.999410272131
61.958316274 0.999410272131
62.020366578 0.99426484413
62.032667778 0.998628200836
62.09620743 0.995325754325
62.17096562 0.996154482133
62.262802733 0.998014850115
62.310877814 0.996565345183
62.459452878 0.988548729757
62.657438936 0.999574996981
62.786848591 0.991550858292
62.799407137 0.991550858292
62.805510824 0.991550858292
62.917419704 0.990436559087
62.948079805 0.990436559087
63.067135836 0.990224922649
63.10178241 0.995637445088
63.144553407 0.995637445088
63.29166206 0.999792406144
63.407551066 0.99235928686
63.42722146 0.998996877408
63.444149547 0.99726756374
63.452322893 0.997850317324
63.574846331 0.999951335806
63.588522183 0.999754838307
63.600179098 0.999107239744
63.692904561 0.984816207035
63.712689773 0.982261086654
63.750184386 0.998224565504
63.78586096 0.998224565504
63.906130225 0.993554321002
63.919691666 0.993554321002
63.942456603 0.999590864666
64.045952 0.999446749926
64.068137981 0.999446749926
64.104325511 0.999783832603
64.147270377 0.999782488505
64.286432054 0.99985508321
64.322021223 0.99985508321
64.35656685 0.999921828562
64.389606349 0.999572278933
64.432872641 0.999911457865
64.626686927 0.999796764109
64.677345175 0.977018521196
64.779125968 0.999336985848
64.816868872 0.999336985848
64.84526106 0.983938330172
64.970587649 0.991543470585
64.986965152 0.995150501967
65.031553735 0.998864663506
65.113991883 0.998832879108
65.171409784 0.995788379859
65.255203185 0.99506078555
65.272710227 0.997243057526
65.290609311 0.997491817332
65.312311407 0.999875431011
65.400803432 0.999569978766
65.462917739 0.984047167177
65.548229835 0.986581045645
65.566910258 0.985769890289
65.663305048 0.992961431994
65.70702322 0.972598453103
65.747000158 0.986853085373
65.847480136 0.999498909755
65.859883771 0.984993331999
65.880770144 0.99847991899
65.992048593 0.991466859588
66.00309401 0.99971097578
66.025777352 0.999473624861
66.036971211 0.999148161715
66.134775103 0.999902693379
66.143111976 0.999934860045
66.18285923 0.998982618052
66.275374473 0.999459862175
66.310694373 0.998752615468
66.332706397 0.997955915208
66.431685885 0.998445150582
66.502654121 0.998221865767
66.572099156 0.982102416001
66.664611129 0.985748763562
66.745677545 0.984102480492
66.798550503 0.983882636459
66.86615037 0.982231814561
66.984377924 0.996678376554
67.182744919 0.996678376554
67.264085355 0.996678376554
67.462884858 0.996678376554
67.531748587 0.996678376554
67.623199608 0.996391833029
67.669671269 0.996391833029
67.773489033 0.989834305285
67.813903703 0.989834305285
67.910789218 0.999779960588
67.947138085 0.999779960588
67.958365269 0.974113289733
68.048299885 0.999035142258
68.064988753 0.997918629834
68.084862951 0.999859567521
68.105281963 0.999074941507
68.191676424 0.998199401895
68.211941656 0.998199401895
68.245253704 0.997365612453
68.333780531 0.998079010544
68.358760527 0.998842244952
68.399108095 0.998804992317
68.496616231 0.996921618297
68.546254969 0.999853667112
68.651483535 0.998190270789
68.69151357 0.998665366879
68.789477521 0.999395167968
68.800006237 0.976830890574
68.840239333 0.999829605566
68.928524289 0.999357205918
68.950406574 0.998808313531
68.98488775 0.999537085139
69.074850258 0.999887123152
69.091596976 0.999891118791
69.128957617 0.999499391474
69.232212536 0.98340295458
69.282168246 0.996300641284
69.418125643 0.997862297304
69.516838281 0.988175283665
69.54356231 0.99996788324
69.656586241 0.999656482888
69.708910463 0.999656482888
69.802855932 0.999046816151
69.901191711 0.998621398923
69.919865539 0.998621398923
69.942598925 0.998621398923
70.068144791 0.998621398923
70.098028729 0.995834253588
70.113103095 0.991641766481
70.123245619 0.990398224484
70.205205633 0.994855473468
70.243721532 0.999538318109
70.259856399 0.995614737384
70.270368969 0.995349161433
70.351781894 0.98899666557
70.384887982 0.999775452654
70.401599999 0.999817112941
70.418849093 0.999767742434
70.533743996 0.999724849296
70.56045453 0.999884692082
70.672100339 0.99942107206
70.685317942 0.978521817445
70.696770707 0.998949679745
70.717711128 0.98565715481
70.731504105 0.998356437431
70.832263974 0.986091528273
70.859233659 0.999327219235
70.86709634 0.999599424052
70.885051972 0.996677897953
70.977299086 0.994907216252
71.000291523 0.999922457424
71.014061888 0.995539442047
71.02512253 0.996216855473
71.119006156 0.99892145114
71.152754872 0.999868649931
71.204299589 0.999827001075
71.279702272 0.987981465975
71.340358749 0.999514985117
71.430816022 0.990805635859
71.481645349 0.999657630476
71.581838476 0.998552384628
71.621225623 0.994417442656
71.722545875 0.996147399316
71.746551581 0.998827974362
71.760184952 0.995497285674
71.864030286 0.99931968955
71.877940506 0.999607335725
71.902242023 0.999562390652
72.004781146 0.999909602548
72.020991525 0.999634007785
72.027616955 0.999861890506
72.049077433 0.998993497854
72.146720357 0.999806482429
72.182519459 0.999993981425
72.266396302 0.998834115202
72.34314266 0.990004472336
72.428742989 0.991058646548
72.507150108 0.991058646548
72.585244864 0.991058646548
72.651126793 0.991058646548
72.74791955 0.991058646548
72.821472948 0.99700830794
72.836885372 0.999886290668
72.887206086 0.999664544593
72.975382033 0.999661561276
73.013163536 0.991878597446
73.118008735 0.999963489648
73.141946213 0.999473575819
73.153645589 0.993941354443
73.178706603 0.992906800438
73.30800295 0.999423082139
73.328368716 0.998639500262
73.439117007 0.99792079956
73.45461998 0.999426226521
73.475627284 0.99550692008
73.581793268 0.999701135083
73.596657658 0.989345180772
73.672282341 0.999980367743
73.740461545 0.974331741621
73.761369045 0.977065911488
73.8786537 0.997246351599
73.889696871 0.977501636843
73.916168338 0.95951487143
73.938925357 0.995840823096
