0.009033375 0.746282592557
0.054280047 0.912342677962
0.080968173 0.807203422735
0.112447042 0.786385339975
0.14029901 0.965445301872
0.176544023 0.97704054202
0.20933675 0.982475132901
0.223854506 0.98704098984
0.245728981 0.832371288938
0.347033531 0.817310587955
0.402707245 0.808001539361
0.469849773 0.79101092939
0.507030781 0.794128019065
0.563410091 0.790682968809
0.611810555 0.964932052564
0.636933395 0.972141251516
0.68264916 0.976907425334
0.708634385 0.969573613785
0.722822321 0.967532635931
0.727900242 0.966465174115
0.759604888 0.977134545882
0.769756742 0.972768898116
0.785004391 0.979566425172
0.802389445 0.984845709226
0.838925464 0.961660114564
1.195185624 0.967530107852
1.217034763 0.919380527041
1.277576254 0.929274863472
1.303056597 0.926338922709
1.331127336 0.932990443662
1.348674768 0.932333471772
1.407579955 0.938770468215
1.431007607 0.935996624199
1.44719786 0.940913628528
1.456283119 0.936113414789
1.48679218 0.944242084677
1.493311317 0.939198026344
1.505435678 0.946833793113
1.530691016 0.950481865951
1.541778904 0.953735156054
1.572738049 0.958855868244
1.592881959 0.958149453434
1.621688985 0.961402982398
1.633602288 0.958423280804
1.669648426 0.962842335336
1.695292271 0.96319198845
2.049514037 0.964961862491
2.061039769 0.965430420188
2.09151623 0.968782901561
2.14837296 0.970490402551
2.158300089 0.971882564213
2.181069623 0.974479753168
2.195642819 0.974735819941
2.218681795 0.976529064752
2.242734131 0.976949414509
2.257460731 0.977732847929
2.314335492 0.977945944057
2.333027081 0.978097284841
2.338472349 0.978446933862
2.374734833 0.979179546662
2.386177876 0.979435562062
2.42125266 0.979328531959
2.444129462 0.979328531959
2.510413004 0.998955369297
2.591027574 0.99997756837
2.703582041 0.999877754148
2.789637926 0.999974961009
2.873194228 0.999924205559
2.965090772 0.998537414218
3.027980626 0.998135536118
3.072000082 0.998206401807
3.138832803 0.998676042252
3.211932562 0.999573459253
3.307776919 0.999687810255
3.490427539 0.999895869071
3.643458432 0.999865242592
3.761127183 0.999368593586
3.867806461 0.998065360465
3.894326053 0.997560074036
3.936367735 0.998127074851
3.959967497 0.997521870849
3.997625381 0.996725393144
4.052422592 0.996945344319
4.114656882 0.996168795623
4.164520022 0.996205275768
4.209490007 0.997016695438
4.270627952 0.997800292306
4.319653683 0.997653574271
4.359154409 0.997645454378
4.386206532 0.997748523711
4.433678245 0.998313737653
4.487806396 0.998186932951
4.531403595 0.998311247033
4.572994605 0.998160214699
4.603197334 0.998160214699
4.618273925 0.998160214699
4.686134402 0.998160214699
4.722625462 0.995659153073
4.75389063 0.995659153073
4.765158358 0.995452932579
4.797633411 0.995452932579
4.82812415 0.995452932579
4.871849085 0.995452932579
4.920973536 0.995452932579
4.958780723 0.995452932579
4.983669503 0.995452932579
4.994692951 0.995452932579
5.081890669 0.995452932579
5.105782348 0.995452932579
5.137524447 0.995452932579
5.18995 0.995452932579
5.220937965 0.995452932579
5.2541779 0.995452932579
5.306079384 0.995452932579
5.346453792 0.995452932579
5.365945463 0.995452932579
5.400613069 0.995452932579
5.417608652 0.995452932579
5.474311839 0.995452932579
5.522829663 0.995452932579
5.533904569 0.995452932579
5.556308953 0.995452932579
5.588083722 0.995452932579
5.623839425 0.995452932579
5.631698217 0.995452932579
5.697827013 0.995452932579
5.740346525 0.995452932579
5.788770928 0.995452932579
5.821167844 0.995452932579
5.838734926 0.995452932579
5.908163739 0.995452932579
5.948803534 0.995452932579
6.033381272 0.995452932579
6.056006183 0.995452932579
6.104156288 0.995452932579
6.140366613 0.995452932579
6.171971297 0.995452932579
6.223183383 0.995452932579
6.268893072 0.995452932579
6.321010087 0.995452932579
6.366842496 0.995452932579
6.419634225 0.995452932579
6.434135286 0.995452932579
6.477690518 0.995452932579
6.51830618 0.995452932579
6.564519261 0.995452932579
6.616455373 0.995452932579
6.700012828 0.995452932579
6.757544971 0.995452932579
6.849140589 0.995452932579
6.867883109 0.995452932579
6.895844967 0.995452932579
6.930787001 0.995452932579
6.99035268 0.995452932579
7.035699041 0.995452932579
7.072420476 0.995452932579
7.105728415 0.995452932579
7.164441897 0.995452932579
7.194842552 0.995452932579
7.200469843 0.995452932579
7.23510436 0.995452932579
7.290119216 0.995452932579
7.323364862 0.995452932579
7.360764286 0.995452932579
7.395574786 0.995452932579
7.43150676 0.995452932579
7.467734779 0.995452932579
7.500081086 0.995452932579
7.530878315 0.995452932579
7.59785902 0.995452932579
7.621468275 0.995452932579
7.6626475 0.995452932579
7.706951878 0.995452932579
7.729935846 0.995452932579
7.79903659 0.995452932579
7.817233529 0.995452932579
7.855349633 0.995452932579
7.880172396 0.995452932579
7.914360573 0.995452932579
7.958366482 0.995452932579
8.002530481 0.995452932579
8.028499473 0.995452932579
8.062181466 0.995452932579
8.089992535 0.995452932579
8.128214209 0.995452932579
8.16121889 0.995452932579
8.196668513 0.995452932579
8.241503228 0.995452932579
8.266583022 0.995452932579
8.311800323 0.995452932579
8.358516153 0.995452932579
8.441349183 0.995452932579
8.47616727 0.995452932579
8.509464412 0.995452932579
8.604711524 0.995452932579
8.627402952 0.995452932579
8.653048633 0.995452932579
8.680873721 0.995452932579
8.706882368 0.995452932579
8.74326316 0.995452932579
8.811975955 0.995452932579
8.827675034 0.995452932579
8.954378441 0.995452932579
9.00137951 0.995452932579
9.022210506 0.995452932579
9.04199377 0.995452932579
9.056648346 0.995452932579
9.092441452 0.995452932579
9.127453266 0.995452932579
9.197295999 0.995452932579
9.225480727 0.995452932579
9.272791165 0.995452932579
9.300789294 0.995452932579
9.312069544 0.995452932579
9.398415054 0.995452932579
9.406266579 0.995452932579
9.443436341 0.995452932579
9.475332522 0.995452932579
9.507622833 0.995452932579
9.551900058 0.995452932579
9.593527101 0.995452932579
9.662953266 0.995452932579
9.698954172 0.995452932579
9.727274531 0.995452932579
9.758651399 0.995452932579
9.775273512 0.995452932579
9.845441048 0.995452932579
9.894398658 0.995452932579
9.918124175 0.995452932579
9.941670634 0.995452932579
10.03539133 0.995452932579
10.115366515 0.995452932579
10.128602345 0.995452932579
10.174277185 0.995452932579
10.202522848 0.995452932579
10.275355262 0.995452932579
10.351476066 0.995452932579
10.380557835 0.995452932579
10.414498314 0.995452932579
10.451537371 0.995452932579
10.489106488 0.995452932579
10.522259756 0.995452932579
10.565320388 0.995452932579
10.630281236 0.995452932579
10.660104923 0.995452932579
10.715901985 0.995452932579
10.726843407 0.995452932579
10.75175111 0.995452932579
10.785262664 0.995452932579
10.850967261 0.995452932579
10.881009383 0.995452932579
10.909280398 0.995452932579
10.933723418 0.995452932579
10.954871606 0.995452932579
11.056210584 0.995452932579
11.074226318 0.995452932579
11.087987274 0.995452932579
11.111935949 0.995452932579
11.228973613 0.995452932579
11.237886864 0.995452932579
11.268959765 0.995452932579
11.281411385 0.995452932579
11.29304297 0.995452932579
11.383691416 0.995452932579
11.399407602 0.995452932579
11.409261217 0.995452932579
11.50115454 0.995452932579
11.512507537 0.995452932579
11.523085517 0.995452932579
11.60693942 0.995452932579
11.625777908 0.995452932579
11.633440669 0.995452932579
11.707631317 0.995452932579
11.724302923 0.995452932579
11.738884748 0.995452932579
11.831149757 0.995452932579
11.871634789 0.995452932579
11.970230505 0.995452932579
12.041238227 0.995452932579
12.099408774 0.995452932579
12.17221571 0.995452932579
12.207519046 0.995452932579
12.286984417 0.995452932579
12.38123881 0.995452932579
12.420931218 0.995452932579
12.467702811 0.995452932579
12.501235915 0.995452932579
12.527451246 0.995452932579
12.558436303 0.995452932579
12.594634337 0.995452932579
12.648020191 0.995452932579
12.6684784 0.995452932579
12.70553016 0.995452932579
12.738225797 0.995452932579
12.75685721 0.995452932579
12.788825218 0.995452932579
12.81378469 0.995452932579
12.838409129 0.995452932579
12.90212331 0.995452932579
12.924473382 0.995452932579
12.936891167 0.995452932579
13.011992818 0.995452932579
13.045945641 0.995452932579
13.105732212 0.995452932579
13.127491375 0.995452932579
13.146908601 0.995452932579
13.204709073 0.995452932579
13.239590602 0.995452932579
13.278319669 0.995452932579
13.367205089 0.995452932579
13.41547931 0.995452932579
13.435024532 0.995452932579
13.476672085 0.995452932579
13.509269561 0.995452932579
13.55769586 0.995452932579
13.597320025 0.995452932579
13.655449712 0.995452932579
13.704165951 0.995452932579
13.718587049 0.995452932579
13.730519345 0.995452932579
13.757060484 0.995452932579
13.852204376 0.995452932579
13.902718235 0.995452932579
13.9326878 0.995452932579
13.950844712 0.995452932579
13.967023995 0.995452932579
14.061618684 0.995452932579
14.104693029 0.995452932579
14.153528355 0.995452932579
14.177107366 0.995452932579
14.244547397 0.995452932579
14.261853802 0.995452932579
14.321798418 0.995452932579
14.365531075 0.995452932579
14.413146651 0.995452932579
14.464276683 0.995452932579
14.512785412 0.995452932579
14.551741794 0.995452932579
14.595819164 0.995452932579
14.629157487 0.995452932579
14.669245313 0.995452932579
14.700456821 0.995452932579
14.739810777 0.995452932579
14.772016694 0.995452932579
14.812228304 0.995452932579
14.841361675 0.995452932579
14.885468957 0.995452932579
14.902006403 0.995452932579
14.912093078 0.995452932579
14.93840224 0.995452932579
15.034320472 0.995452932579
15.065801959 0.995452932579
15.10427823 0.995452932579
15.145845307 0.995452932579
15.189142078 0.995452932579
15.230159366 0.995452932579
15.269666901 0.995452932579
15.308623996 0.995452932579
15.321550239 0.995452932579
15.333143608 0.995452932579
15.411644112 0.995452932579
15.427750054 0.995452932579
15.447852517 0.995452932579
15.509282588 0.995452932579
15.54479222 0.995452932579
15.67632839 0.995452932579
15.705586061 0.995452932579
15.750487907 0.995452932579
15.782617984 0.995452932579
15.812759462 0.995452932579
15.865667134 0.995452932579
15.884454437 0.995452932579
15.923450125 0.995452932579
15.955672845 0.995452932579
16.006912272 0.995452932579
16.032026575 0.995452932579
16.0751605 0.995452932579
16.096983089 0.995452932579
16.120586194 0.995452932579
16.158851842 0.995452932579
16.19534294 0.995452932579
16.215905872 0.995452932579
16.278870162 0.995452932579
16.35694471 0.995452932579
16.362187492 0.995452932579
16.408850855 0.995452932579
16.453861601 0.995452932579
16.488927537 0.995452932579
16.533985726 0.995452932579
16.548730423 0.995452932579
16.594129983 0.995452932579
16.635265462 0.995452932579
16.666703092 0.995452932579
16.700348189 0.995452932579
16.714830995 0.995452932579
16.738562519 0.995452932579
16.806642583 0.995452932579
16.816066248 0.995452932579
16.846508441 0.995452932579
16.940778695 0.995452932579
16.953695569 0.995452932579
17.066336933 0.995452932579
17.07817298 0.995452932579
17.096141932 0.995452932579
17.129374178 0.995452932579
17.21855979 0.995452932579
17.241251784 0.995452932579
17.255783242 0.995452932579
17.291365591 0.995452932579
17.362657928 0.995452932579
17.412863616 0.995452932579
17.436533368 0.995452932579
17.475833136 0.995452932579
17.489013736 0.995452932579
17.524759579 0.995452932579
17.610104285 0.995452932579
17.62257769 0.995452932579
17.636053889 0.995452932579
17.66883339 0.995452932579
17.710844273 0.995452932579
17.760319343 0.995452932579
17.854745051 0.995452932579
17.868042564 0.995452932579
17.943473084 0.995452932579
17.980059278 0.995452932579
17.997326289 0.995452932579
18.00736028 0.995452932579
18.079094991 0.995452932579
18.144846686 0.995452932579
18.15528822 0.995452932579
18.192624147 0.995452932579
18.229212224 0.995452932579
18.290414711 0.995452932579
18.314053198 0.995452932579
18.347643579 0.995452932579
18.370808321 0.995452932579
18.404997325 0.995452932579
18.450435356 0.995452932579
18.497455185 0.995452932579
18.56749681 0.995452932579
18.59693289 0.995452932579
18.646966201 0.995452932579
18.665072914 0.995452932579
18.709193912 0.995452932579
18.73520532 0.995452932579
18.782275226 0.995452932579
18.795336333 0.995452932579
18.844588047 0.995452932579
18.874007654 0.995452932579
18.92540451 0.995452932579
18.985130979 0.995452932579
19.009850126 0.995452932579
19.047005189 0.995452932579
19.068121087 0.995452932579
19.105657208 0.995452932579
19.136276959 0.995452932579
19.176974598 0.995452932579
19.208780374 0.995452932579
19.249523215 0.995452932579
19.267104516 0.995452932579
19.348798335 0.995452932579
19.361824864 0.995452932579
19.39378859 0.995452932579
19.447933607 0.995452932579
19.476506628 0.995452932579
19.525039217 0.995452932579
19.551264473 0.995452932579
19.590331573 0.995452932579
19.616124793 0.995452932579
19.673786027 0.995452932579
19.686630489 0.995452932579
19.736373927 0.995452932579
19.772263452 0.995452932579
19.820050851 0.995452932579
19.868858709 0.995452932579
19.912213963 0.995452932579
19.958780878 0.995452932579
20.030861318 0.995452932579
20.100979164 0.995452932579
20.195373213 0.995452932579
20.241823473 0.995452932579
20.327959683 0.995452932579
20.369925361 0.995452932579
20.400605478 0.995452932579
20.431381848 0.995452932579
20.491649337 0.995452932579
20.530428465 0.995452932579
20.579493508 0.995452932579
20.615414725 0.995452932579
20.650921899 0.995452932579
20.683874891 0.995452932579
20.695186897 0.995452932579
20.723167756 0.995452932579
20.760412699 0.995452932579
20.817678433 0.995452932579
20.904354594 0.995452932579
20.976082058 0.995452932579
21.053327177 0.995452932579
21.106253981 0.995452932579
21.135787105 0.995452932579
21.175542494 0.995452932579
21.245510296 0.995452932579
21.279339388 0.995452932579
21.315401183 0.995452932579
21.355647247 0.995452932579
21.393616265 0.995452932579
21.41041399 0.995452932579
21.441583995 0.995452932579
21.456280719 0.995452932579
21.552738003 0.995452932579
21.57211002 0.995452932579
21.587528063 0.995452932579
21.623565662 0.995452932579
21.670464634 0.995452932579
21.731194935 0.995452932579
21.754546666 0.995452932579
21.823536745 0.995452932579
21.842768535 0.995452932579
21.885903026 0.995452932579
21.983561083 0.995452932579
22.066182394 0.995452932579
22.189121242 0.995452932579
22.260253318 0.995452932579
22.331253787 0.995452932579
22.352432946 0.995452932579
22.38961893 0.995452932579
22.445421709 0.995452932579
22.495778745 0.995452932579
22.547345663 0.995452932579
22.591110538 0.995452932579
22.67069396 0.995452932579
22.730795744 0.995452932579
22.775903773 0.995452932579
22.805135119 0.995452932579
22.87206978 0.995452932579
22.92405703 0.995452932579
22.978580825 0.995452932579
23.02887913 0.995452932579
23.077091541 0.995452932579
23.162672384 0.995452932579
23.176680305 0.995452932579
23.273464558 0.995452932579
23.288647517 0.995452932579
23.310033261 0.995452932579
23.369173296 0.995452932579
23.407331605 0.995452932579
23.447665232 0.995452932579
23.463243132 0.995452932579
23.627336809 0.995452932579
23.663743411 0.995452932579
23.7023042 0.995452932579
23.737970368 0.995452932579
23.772231402 0.995452932579
23.819402359 0.995452932579
23.865435589 0.995452932579
23.900797515 0.995452932579
23.972577591 0.995452932579
24.001644798 0.995452932579
24.040075348 0.995452932579
24.091392984 0.995452932579
24.101688074 0.995452932579
24.122575069 0.995452932579
24.140977686 0.995452932579
24.187109506 0.995452932579
24.212192659 0.995452932579
24.255678388 0.995452932579
24.268642 0.995452932579
24.281722372 0.995452932579
24.316404502 0.995452932579
24.386152284 0.995452932579
24.397100483 0.995452932579
24.408141935 0.995452932579
24.487721205 0.995452932579
24.497475548 0.995452932579
24.570880668 0.995452932579
24.585357494 0.995452932579
24.596799646 0.995452932579
24.686764092 0.995452932579
24.701378269 0.995452932579
24.749144427 0.995452932579
24.813062049 0.995452932579
24.832235969 0.995452932579
24.985954631 0.995452932579
25.001649984 0.995452932579
25.03222125 0.995452932579
25.042952124 0.995452932579
25.065762802 0.995452932579
25.125243961 0.995452932579
25.160288779 0.995452932579
25.171959015 0.995452932579
25.271291791 0.995452932579
25.297689267 0.995452932579
25.378094846 0.995452932579
25.411594173 0.995452932579
25.458443644 0.995452932579
25.646104863 0.995452932579
25.666668276 0.995452932579
25.697626905 0.995452932579
25.744706429 0.995452932579
25.77434157 0.995452932579
25.788286175 0.995452932579
25.805577584 0.995452932579
25.828903018 0.995452932579
25.839815308 0.995452932579
25.862437603 0.995452932579
25.921511203 0.995452932579
25.99035544 0.995452932579
26.028246225 0.995452932579
26.058305365 0.995452932579
26.09706281 0.995452932579
26.14596997 0.995452932579
26.156781693 0.995452932579
26.179411686 0.995452932579
26.227817402 0.995452932579
26.286191335 0.995452932579
26.336322921 0.995452932579
26.37149395 0.995452932579
26.41143612 0.995452932579
26.44803043 0.995452932579
26.508673821 0.995452932579
26.543846995 0.995452932579
26.558445073 0.995452932579
26.581479976 0.995452932579
26.629349687 0.995452932579
26.662896793 0.995452932579
26.705178158 0.995452932579
26.727002076 0.995452932579
26.759266107 0.995452932579
26.797595338 0.995452932579
26.833188774 0.995452932579
26.88203286 0.995452932579
26.910843581 0.995452932579
26.965140589 0.995452932579
26.987192601 0.995452932579
27.019481906 0.995452932579
27.067759582 0.995452932579
27.113846312 0.995452932579
27.143422847 0.995452932579
27.175172419 0.995452932579
27.212566224 0.995452932579
27.256751677 0.995452932579
27.292923049 0.995452932579
27.328593866 0.995452932579
27.376866509 0.995452932579
27.400622012 0.995452932579
27.419816914 0.995452932579
27.431850177 0.995452932579
27.513027025 0.995452932579
27.562757154 0.995452932579
27.589554496 0.995452932579
27.622927154 0.995452932579
27.656864978 0.995452932579
27.692651982 0.995452932579
27.718012196 0.995452932579
27.72869253 0.995452932579
27.799546871 0.995452932579
27.820426592 0.995452932579
27.849159196 0.995452932579
27.946584736 0.995452932579
28.039100719 0.995452932579
28.071062609 0.995452932579
28.096956276 0.995452932579
28.142817596 0.995452932579
28.16352393 0.995452932579
28.205315342 0.995452932579
28.223455507 0.995452932579
28.248938131 0.995452932579
28.262674374 0.995452932579
28.294627655 0.995452932579
28.348770417 0.995452932579
28.399198942 0.995452932579
28.447551111 0.995452932579
28.494556154 0.995452932579
28.509866885 0.995452932579
28.555535123 0.995452932579
28.578006776 0.995452932579
28.628393254 0.995452932579
28.651475648 0.995452932579
28.704405372 0.995452932579
28.767528685 0.995452932579
28.83690707 0.995452932579
28.850768244 0.995452932579
28.905710769 0.995452932579
28.920197985 0.995452932579
28.970000068 0.995452932579
28.997783389 0.995452932579
29.040400965 0.995452932579
29.121040421 0.995452932579
29.14436629 0.995452932579
29.18671061 0.995452932579
29.214838902 0.995452932579
29.28587158 0.995452932579
29.294898576 0.995452932579
29.333021779 0.995452932579
29.393823136 0.995452932579
29.440812292 0.995452932579
29.49899915 0.995452932579
29.570480211 0.995452932579
29.642610492 0.995452932579
29.665767185 0.995452932579
29.713906553 0.995452932579
29.735661078 0.995452932579
29.772350383 0.995452932579
29.819035028 0.995452932579
29.875244636 0.995452932579
29.90094838 0.995452932579
29.937983167 0.995452932579
30.023313194 0.995452932579
30.039374591 0.995452932579
30.078546272 0.995452932579
30.111659972 0.995452932579
30.175071763 0.995452932579
30.221614175 0.995452932579
30.244830702 0.995452932579
30.275919027 0.995452932579
30.329382497 0.995452932579
30.374307247 0.995452932579
30.409419361 0.995452932579
30.454685165 0.995452932579
30.494496345 0.995452932579
30.526724474 0.995452932579
30.557073701 0.995452932579
30.577426345 0.995452932579
30.682947894 0.995452932579
30.737634433 0.995452932579
30.756014233 0.995452932579
30.786733822 0.995452932579
30.821617172 0.995452932579
30.875930997 0.995452932579
30.915669275 0.995452932579
30.957689396 0.995452932579
30.964837652 0.995452932579
31.023992793 0.995452932579
31.046667152 0.995452932579
31.097497544 0.995452932579
31.133936439 0.995452932579
31.18008923 0.995452932579
31.214987325 0.995452932579
31.24728081 0.995452932579
31.295718153 0.995452932579
31.334335538 0.995452932579
31.38152078 0.995452932579
31.402694136 0.995452932579
31.440437615 0.995452932579
31.471191985 0.995452932579
31.52926749 0.995452932579
31.562259583 0.995452932579
31.601985553 0.995452932579
31.638663509 0.995452932579
31.68256513 0.995452932579
31.72464283 0.995452932579
31.756277312 0.995452932579
31.790781742 0.995452932579
31.854303114 0.995452932579
31.875763471 0.995452932579
31.905889516 0.995452932579
31.942870012 0.995452932579
31.978911215 0.995452932579
32.045114897 0.995452932579
32.063664904 0.995452932579
32.095332694 0.995452932579
32.145161427 0.995452932579
32.179359363 0.995452932579
32.241779106 0.995452932579
32.251676888 0.995452932579
32.287687698 0.995452932579
32.33353429 0.995452932579
32.371603488 0.995452932579
32.399604088 0.995452932579
32.532921065 0.995452932579
32.576209147 0.995452932579
32.622284885 0.995452932579
32.668881155 0.995452932579
32.705427232 0.995452932579
32.735439813 0.995452932579
32.775050919 0.995452932579
32.802202775 0.995452932579
32.832647782 0.995452932579
32.859530252 0.995452932579
32.895329998 0.995452932579
32.930400367 0.995452932579
32.977622674 0.995452932579
32.998126522 0.995452932579
33.081337901 0.995452932579
33.109577325 0.995452932579
33.129132802 0.995452932579
33.154143005 0.995452932579
33.17356253 0.995452932579
33.198292859 0.995452932579
33.225126572 0.995452932579
33.246764612 0.995452932579
33.264190591 0.995452932579
33.357757467 0.995452932579
33.399913634 0.995452932579
33.419454814 0.995452932579
33.48180234 0.995452932579
33.535852107 0.995452932579
33.567129468 0.995452932579
33.616439619 0.995452932579
33.651483042 0.995452932579
33.697155702 0.995452932579
33.733748854 0.995452932579
33.791631274 0.995452932579
33.903840335 0.995452932579
33.988895693 0.995452932579
34.040028694 0.995452932579
34.106298762 0.995452932579
34.154375828 0.995452932579
34.21940516 0.995452932579
34.256670322 0.995452932579
34.292379443 0.997660002068
34.326520941 0.997660002068
34.350356755 0.997660002068
34.39071903 0.997690121078
34.432129271 0.997182318665
34.493502093 0.997147400309
34.539901037 0.997147400309
34.6039366 0.997047533249
34.647394606 0.997047533249
34.671143935 0.996419145761
34.68466525 0.996419145761
34.780220641 0.996867208999
34.816305773 0.997207388722
34.840211232 0.997460964237
34.916162721 0.997831079911
34.944497909 0.998093288192
35.060487751 0.998307141058
35.076452874 0.998652097505
35.168847031 0.998542125051
35.189417775 0.998595109672
35.209337993 0.998595109672
35.283293766 0.998776727131
35.32049784 0.998479768836
35.333982318 0.998681394692
35.376719291 0.998711274063
35.487262688 0.998793628718
35.506165485 0.998793628718
35.541751725 0.998788673585
35.609527634 0.9987063945
35.634262608 0.9987063945
35.658791505 0.9987063945
35.679286414 0.9987063945
35.745612377 0.9987063945
35.792927247 0.9987063945
35.821837362 0.9987063945
35.865774106 0.9987063945
35.983853264 0.9987063945
36.007463024 0.9987063945
36.053638843 0.9987063945
36.082585614 0.9987063945
36.097265005 0.9987063945
36.129293274 0.9987063945
36.172496514 0.9987063945
36.21441565 0.9987063945
36.248877166 0.9987063945
36.285303405 0.9987063945
36.306957167 0.9987063945
36.32279553 0.9987063945
36.365452658 0.9987063945
36.401468248 0.9987063945
36.433394313 0.9987063945
36.495444242 0.9987063945
36.553815632 0.9987063945
36.564532829 0.9987063945
36.586223961 0.9987063945
36.611075562 0.9987063945
36.673681908 0.9987063945
36.701344747 0.9987063945
36.716064571 0.9987063945
36.771665378 0.9987063945
36.809445037 0.9987063945
36.830917398 0.9987063945
36.855885417 0.9987063945
36.908335333 0.9987063945
36.961763598 0.9987063945
36.977267536 0.9987063945
37.020016543 0.9987063945
37.055926113 0.9987063945
37.100319447 0.9987063945
37.125185008 0.9987063945
37.151141107 0.9987063945
37.219714704 0.9987063945
37.229492612 0.9987063945
37.3464477 0.9987063945
37.395909711 0.9987063945
37.416862499 0.9987063945
37.441792969 0.9987063945
37.507225175 0.9987063945
37.607839887 0.9987063945
37.621265825 0.9987063945
37.644001255 0.9987063945
37.669282296 0.9987063945
37.728962673 0.9987063945
37.812027669 0.9987063945
37.822304975 0.9987063945
37.835118587 0.9987063945
37.86165224 0.9987063945
37.962040319 0.9987063945
37.98269225 0.9987063945
38.006513897 0.9987063945
38.100333432 0.9987063945
38.110004217 0.9987063945
38.122241356 0.9987063945
38.195166782 0.9987063945
38.22618498 0.9987063945
38.30543771 0.9987063945
38.314873039 0.9987063945
38.406846692 0.9987063945
38.424562067 0.9987063945
38.446994028 0.9987063945
38.500939457 0.9987063945
38.511908204 0.9987063945
38.599913671 0.9987063945
38.610399468 0.9987063945
38.727044613 0.9987063945
38.741984052 0.9987063945
38.755461933 0.9987063945
38.837850868 0.9987063945
38.859018013 0.9987063945
38.919085374 0.9987063945
38.929956097 0.9987063945
39.009735104 0.9987063945
39.056996248 0.9987063945
39.108156422 0.9987063945
39.12703219 0.9987063945
39.165153524 0.9987063945
39.17976005 0.9987063945
39.201450601 0.9987063945
39.261443046 0.9987063945
39.277441978 0.9987063945
39.332213235 0.9987063945
39.342376071 0.9987063945
39.411202122 0.9987063945
39.459560058 0.9987063945
39.4950068 0.9987063945
39.540016089 0.9987063945
39.583305051 0.9987063945
39.612034433 0.9987063945
39.637329202 0.9987063945
39.680538841 0.9987063945
39.714226699 0.9987063945
39.781470196 0.9987063945
39.806461907 0.9987063945
39.837090906 0.9987063945
39.89576355 0.9987063945
39.931030758 0.9987063945
39.960698387 0.9987063945
39.999584026 0.9987063945
40.053177301 0.9987063945
40.074105897 0.9987063945
40.111331176 0.9987063945
40.122680957 0.9987063945
40.128705475 0.9987063945
40.149393101 0.9987063945
40.252947163 0.9987063945
40.295375079 0.9987063945
40.344670307 0.9987063945
40.364625166 0.9987063945
40.382268697 0.9987063945
40.408580239 0.9987063945
40.525853586 0.9987063945
40.587639994 0.9987063945
40.608626638 0.9987063945
40.632389956 0.9987063945
40.718064069 0.9987063945
40.816049307 0.9987063945
40.854658059 0.9987063945
40.904028295 0.9987063945
40.9375656 0.9987063945
40.994927515 0.9987063945
41.03117167 0.9987063945
41.068687581 0.9987063945
41.127043814 0.9987063945
41.174251468 0.9987063945
41.214503381 0.9987063945
41.234639604 0.9987063945
41.267539436 0.9987063945
41.303826917 0.9987063945
41.341142567 0.9987063945
41.362439091 0.9987063945
41.371236364 0.9987063945
41.389266585 0.9987063945
41.414488605 0.9987063945
41.483137472 0.9987063945
41.504827841 0.9987063945
41.529667472 0.9987063945
41.589395019 0.9987063945
41.682354008 0.9987063945
41.696478986 0.9987063945
41.746683246 0.9987063945
41.765664545 0.9987063945
41.777514593 0.9987063945
41.804561133 0.9987063945
41.88685026 0.9987063945
41.898303118 0.9987063945
41.984140749 0.9987063945
42.029380716 0.9987063945
42.036965166 0.9987063945
42.050365789 0.9987063945
42.154196847 0.9987063945
42.160457725 0.9987063945
42.195765615 0.9987063945
42.301529331 0.9987063945
42.316454962 0.9987063945
42.329765547 0.9987063945
42.343989639 0.9987063945
42.39516141 0.9987063945
42.415796543 0.9987063945
42.58495017 0.9987063945
42.629249369 0.9987063945
42.669813165 0.9987063945
42.704065451 0.9987063945
42.738277414 0.9987063945
42.762431452 0.9987063945
42.797732115 0.9987063945
42.835684744 0.9987063945
42.871759027 0.9987063945
42.904541543 0.9987063945
42.953150514 0.9987063945
42.964667607 0.9987063945
42.984651259 0.9987063945
42.998847308 0.9987063945
43.035523444 0.9987063945
43.045679373 0.9987063945
43.071906332 0.9987063945
43.088056286 0.9987063945
43.149654707 0.9987063945
43.185613731 0.9987063945
43.214007419 0.9987063945
43.279471634 0.9987063945
43.335815215 0.9987063945
43.364086993 0.9987063945
43.380473597 0.9987063945
43.414040417 0.9987063945
43.452585278 0.9987063945
43.49752383 0.9987063945
43.544164422 0.9987063945
43.633198469 0.9987063945
43.68712743 0.9987063945
43.711738021 0.9987063945
43.772380324 0.9987063945
43.864506256 0.9987063945
43.921415617 0.9987063945
43.96124237 0.9987063945
43.973034345 0.9987063945
44.050018217 0.9987063945
44.069725675 0.9987063945
44.132077462 0.9987063945
44.146359656 0.9987063945
44.223343722 0.9987063945
44.331763571 0.9987063945
44.354366443 0.9987063945
44.396801218 0.9987063945
44.422984788 0.9987063945
44.470868338 0.9987063945
44.511186919 0.9987063945
44.541881255 0.9987063945
44.568623886 0.9987063945
44.60471843 0.9987063945
44.651785602 0.9987063945
44.676103802 0.9987063945
44.708737033 0.9987063945
44.760506699 0.9987063945
44.792758937 0.9987063945
44.805309607 0.9987063945
44.8156271 0.9987063945
44.832254753 0.9987063945
44.848254676 0.9987063945
44.938303905 0.9987063945
44.9916033 0.9987063945
45.028740836 0.9987063945
45.06280728 0.9987063945
45.137712607 0.9987063945
45.206044963 0.9987063945
45.230354539 0.9987063945
45.263391891 0.9987063945
45.28161138 0.9987063945
45.292843198 0.9987063945
45.30165773 0.9987063945
45.371873615 0.9987063945
45.397033961 0.9987063945
45.421428695 0.9987063945
45.471077561 0.9987063945
45.529554726 0.9987063945
45.544040024 0.9987063945
45.603922061 0.9987063945
45.633475633 0.9987063945
45.648853539 0.9987063945
45.73009336 0.9987063945
45.741408938 0.9987063945
45.755844467 0.9987063945
45.855189882 0.9987063945
45.865903764 0.9987063945
45.875741063 0.9987063945
45.891735137 0.9987063945
46.030601941 0.9987063945
46.064374639 0.9987063945
46.131726034 0.9987063945
46.163085191 0.9987063945
46.175042569 0.9987063945
46.209639636 0.9987063945
46.243242597 0.9987063945
46.256242839 0.9987063945
46.290790584 0.9987063945
46.323275039 0.9987063945
46.365460631 0.9987063945
46.408587049 0.9987063945
46.435271053 0.9987063945
46.455657189 0.9987063945
46.474742485 0.9987063945
46.565197437 0.9987063945
46.586741279 0.9987063945
46.670456634 0.9987063945
46.69376671 0.9987063945
46.771756745 0.9987063945
46.78876053 0.9987063945
46.798065963 0.9987063945
46.906761052 0.9987063945
46.931710439 0.9987063945
47.013478738 0.9987063945
47.02207891 0.9987063945
47.036605003 0.9987063945
47.054301584 0.9987063945
47.159070178 0.9987063945
47.210712507 0.9987063945
47.220167682 0.9987063945
47.240804404 0.9987063945
47.256715008 0.9987063945
47.295758738 0.9987063945
47.309331479 0.9987063945
47.381283237 0.9987063945
47.390139961 0.9987063945
47.459607015 0.9987063945
47.474334444 0.9987063945
47.555537874 0.9987063945
47.602097293 0.9987063945
47.640000632 0.9987063945
47.653837729 0.9987063945
47.686910959 0.9987063945
47.725260867 0.9987063945
47.768195716 0.9987063945
47.818228117 0.9987063945
47.849205043 0.9987063945
47.892731091 0.9987063945
47.911974929 0.9987063945
47.971404289 0.9987063945
48.005384719 0.9987063945
48.051002573 0.9987063945
48.089541316 0.9987063945
48.115987724 0.9987063945
48.145574831 0.9987063945
48.206482011 0.9987063945
48.243548945 0.9987063945
48.276469016 0.9987063945
48.321599775 0.9987063945
48.351021273 0.9987063945
48.407818686 0.9987063945
48.437214836 0.9987063945
48.466557546 0.9987063945
48.50890315 0.9987063945
48.548257829 0.9987063945
48.597062601 0.9987063945
48.613773251 0.9987063945
48.650005386 0.9987063945
48.705509516 0.9987063945
48.770429157 0.9987063945
48.801922855 0.9987063945
48.836347451 0.9987063945
48.862472703 0.9987063945
48.906509074 0.9987063945
48.95569823 0.9987063945
48.996750632 0.9987063945
49.031000093 0.9987063945
49.04997942 0.9987063945
49.092065707 0.9987063945
49.147332624 0.9987063945
49.183575559 0.9987063945
49.219069597 0.9987063945
49.251985212 0.9987063945
49.287811296 0.9987063945
49.317363077 0.9987063945
49.341510856 0.9987063945
49.407542878 0.9987063945
49.435848365 0.9987063945
49.465518003 0.9987063945
49.504112029 0.9987063945
49.538390322 0.9987063945
49.609983885 0.9987063945
49.632647362 0.9987063945
49.666245151 0.9987063945
49.704290802 0.9987063945
49.773651965 0.9987063945
49.82046113 0.9987063945
49.912578667 0.9987063945
50.002978891 0.9987063945
50.013676515 0.9987063945
50.026514796 0.9987063945
50.059408304 0.9987063945
50.14208885 0.9987063945
50.161219006 0.9987063945
50.180367841 0.9987063945
50.202622483 0.9987063945
50.293011665 0.9987063945
50.301736872 0.9987063945
50.323699502 0.9987063945
50.347167174 0.9987063945
50.438755453 0.9987063945
50.451455237 0.9987063945
50.461894095 0.9987063945
50.52971885 0.9987063945
50.566151458 0.9987063945
50.580419211 0.9987063945
50.653637125 0.9987063945
50.685100909 0.9987063945
50.696708722 0.9987063945
50.711782526 0.9987063945
50.784278923 0.9987063945
50.808384291 0.9987063945
50.81918916 0.9987063945
50.923311146 0.9987063945
50.933329598 0.9987063945
50.950630014 0.9987063945
51.012468115 0.9987063945
51.045884051 0.9987063945
51.057155105 0.9987063945
51.112050186 0.9987063945
51.162594971 0.9987063945
51.180558856 0.9987063945
51.215643296 0.9987063945
51.29636325 0.9987063945
51.318154815 0.9987063945
51.387937352 0.9987063945
51.41458493 0.9987063945
51.425536733 0.9987063945
51.474484769 0.9987063945
51.543307307 0.9987063945
51.559587043 0.9987063945
51.638257243 0.9987063945
51.68390953 0.9987063945
51.697003617 0.9987063945
51.715752387 0.9987063945
51.781449947 0.9987063945
51.800460103 0.9987063945
51.828552998 0.9987063945
51.914933198 0.9987063945
51.946576419 0.9987063945
52.008766775 0.9987063945
52.040625515 0.9987063945
52.060258712 0.9987063945
52.099103369 0.9987063945
52.135536533 0.9987063945
52.15559007 0.9987063945
52.220049397 0.9987063945
52.315686941 0.9987063945
52.367600264 0.9987063945
52.399014727 0.9987063945
52.425718006 0.9987063945
52.463354543 0.9987063945
52.511043001 0.9987063945
52.535751637 0.9987063945
52.568047032 0.9987063945
52.604509159 0.9987063945
52.639629969 0.9987063945
52.689253228 0.9987063945
52.724368737 0.9987063945
52.746664995 0.9987063945
52.791456896 0.9987063945
52.82481564 0.9987063945
52.84831294 0.9987063945
52.867097245 0.9987063945
52.908567678 0.9987063945
52.920913371 0.9987063945
52.964163734 0.9987063945
53.024592431 0.9987063945
53.062959129 0.9987063945
53.102149987 0.9987063945
53.130857535 0.9987063945
53.160551612 0.9987063945
53.175243426 0.9987063945
53.240130187 0.9987063945
53.275725897 0.9987063945
53.314352188 0.9987063945
53.349693685 0.9987063945
53.381749553 0.9987063945
53.418340879 0.9987063945
53.455482337 0.9987063945
53.493537574 0.9987063945
53.548801728 0.9987063945
53.571759412 0.9987063945
53.583785542 0.9987063945
53.648534644 0.9987063945
53.661749293 0.9987063945
53.670220326 0.9987063945
53.741741519 0.9987063945
53.788224365 0.9987063945
53.833380988 0.9987063945
53.867457652 0.9987063945
53.893599601 0.9987063945
53.902073229 0.9987063945
53.9179861 0.9987063945
54.021187659 0.9987063945
54.033287178 0.9987063945
54.058799926 0.9987063945
54.12669341 0.9987063945
54.186391864 0.9987063945
54.211283112 0.9987063945
54.364448874 0.9987063945
54.399325951 0.9987063945
54.435100387 0.9987063945
54.493038889 0.9987063945
54.518694963 0.9987063945
54.556590752 0.9987063945
54.601936714 0.9987063945
54.626659878 0.9987063945
54.675872416 0.9987063945
54.711033313 0.9987063945
54.73563933 0.9987063945
54.765101253 0.9987063945
54.812965429 0.9987063945
54.850581841 0.9987063945
54.874755059 0.9987063945
54.9259097 0.9987063945
54.968730303 0.9987063945
54.999271983 0.9987063945
55.014709443 0.9987063945
55.043091451 0.9987063945
55.056210149 0.9987063945
55.106854322 0.9987063945
55.146862591 0.9987063945
55.191979115 0.9987063945
55.229334537 0.9987063945
55.250509092 0.9987063945
55.263879997 0.9987063945
55.337159989 0.9987063945
55.363364003 0.9987063945
55.375245964 0.9987063945
55.394819563 0.9987063945
55.447775312 0.9987063945
55.484593881 0.9987063945
55.527657199 0.9987063945
55.560731104 0.9987063945
55.600196195 0.9987063945
55.640767728 0.9987063945
55.676285326 0.9987063945
55.709499563 0.9987063945
55.719763506 0.9987063945
55.736616881 0.9987063945
55.787487302 0.9987063945
55.803096196 0.9987063945
55.881710222 0.9987063945
55.950697961 0.9987063945
56.021236257 0.9987063945
56.085811279 0.9987063945
56.146819446 0.9987063945
56.190118142 0.9987063945
56.309129267 0.9987063945
56.419612948 0.9987063945
56.440894403 0.9987063945
56.475304553 0.9987063945
56.512300002 0.9987063945
56.545124868 0.9987063945
56.583352812 0.9987063945
56.619806462 0.9987063945
56.642778766 0.9987063945
56.704652607 0.9987063945
56.733755717 0.9987063945
56.760899721 0.9987063945
56.775939416 0.9987063945
56.8009502 0.9987063945
56.846121808 0.9987063945
56.877497822 0.9987063945
56.901324243 0.9987063945
56.934245849 0.9987063945
56.973581581 0.9987063945
57.029211068 0.9987063945
57.068653243 0.9987063945
57.101757386 0.9987063945
57.149209508 0.9987063945
57.176943433 0.9987063945
57.214612145 0.9987063945
57.24481044 0.9987063945
57.278516481 0.9987063945
57.32427106 0.9987063945
57.362690213 0.9987063945
57.403403772 0.9987063945
57.437894129 0.9987063945
57.482420937 0.9987063945
57.521863343 0.9987063945
57.554068398 0.9987063945
57.601371783 0.9987063945
57.626590905 0.9987063945
57.649586548 0.9987063945
57.676134112 0.9987063945
57.759161427 0.9987063945
57.771231455 0.9987063945
57.802400146 0.9987063945
57.826451069 0.9987063945
57.887080883 0.9987063945
57.924123568 0.9987063945
57.981105166 0.9987063945
58.029336028 0.9987063945
58.052545893 0.9987063945
58.089646474 0.9987063945
58.141851749 0.9987063945
58.160926951 0.9987063945
58.207561678 0.9987063945
58.239203937 0.9987063945
58.299216008 0.9987063945
58.342227364 0.9987063945
58.38705563 0.9987063945
58.439845027 0.9987063945
58.465619714 0.9987063945
58.480896437 0.9987063945
58.509454484 0.9987063945
58.561796328 0.9987063945
58.63546522 0.9987063945
58.660872234 0.9987063945
58.690574114 0.9987063945
58.723166017 0.9987063945
58.765796329 0.9987063945
58.811260487 0.9987063945
58.845867487 0.9987063945
58.882551611 0.9987063945
58.891834102 0.9987063945
58.907077211 0.9987063945
58.939820245 0.9987063945
58.999980676 0.9987063945
59.068726586 0.9987063945
59.088348898 0.9987063945
59.113693875 0.9987063945
59.146754834 0.9987063945
59.186948381 0.9987063945
59.229561689 0.9987063945
59.275508791 0.9987063945
59.306487003 0.9987063945
59.353403792 0.9987063945
59.400086892 0.9987063945
59.445103569 0.9987063945
59.463427828 0.9987063945
59.506567267 0.9987063945
59.552215957 0.9987063945
59.566270052 0.9987063945
59.677672395 0.9987063945
59.697520345 0.9987063945
59.708057801 0.9987063945
59.765657946 0.9987063945
59.790966766 0.9987063945
59.813829999 0.9987063945
59.882853701 0.9987063945
59.895978589 0.9987063945
59.944980102 0.9987063945
60.002274084 0.9987063945
60.016372464 0.9987063945
60.051910478 0.9987063945
60.095546749 0.9987063945
60.143965596 0.9987063945
60.157026557 0.9987063945
60.193675331 0.9987063945
60.301093704 0.9987063945
60.334456485 0.9987063945
60.360289492 0.9987063945
60.38947593 0.9987063945
60.399054407 0.9987063945
60.424316914 0.9987063945
60.447721305 0.9987063945
60.496357163 0.9987063945
60.56259311 0.9987063945
60.618562956 0.9987063945
60.629952598 0.9987063945
60.665315216 0.9987063945
60.693273523 0.9987063945
60.750484613 0.9987063945
60.779525737 0.9987063945
60.806267112 0.9987063945
60.841599425 0.9987063945
60.893805096 0.9987063945
60.905752299 0.9987063945
60.942048631 0.9987063945
61.026199176 0.9987063945
61.091015041 0.9987063945
61.11894738 0.9987063945
61.131754471 0.9987063945
61.162923857 0.9987063945
61.177148561 0.9987063945
61.211740868 0.9987063945
61.258891262 0.9987063945
61.33197527 0.9987063945
61.369730845 0.9987063945
61.413089084 0.9987063945
61.444943641 0.9987063945
61.472590166 0.9987063945
61.505224324 0.9987063945
61.529305991 0.9987063945
61.581350915 0.9987063945
61.604116116 0.9987063945
61.634150066 0.9987063945
61.684341287 0.9987063945
61.736621314 0.9987063945
61.747875003 0.9987063945
61.768679835 0.9987063945
61.821944288 0.9987063945
61.838287803 0.9987063945
61.877398437 0.9987063945
61.921196819 0.9987063945
61.945482321 0.9987063945
61.994706238 0.9987063945
62.057236551 0.9987063945
62.154960097 0.9987063945
62.211552158 0.9987063945
62.297246248 0.9987063945
62.323874434 0.9987063945
62.381348132 0.9987063945
62.482428935 0.9987063945
62.508425981 0.9987063945
62.585296473 0.9987063945
62.597924592 0.9987063945
62.607721465 0.9987063945
62.654246221 0.9987063945
62.676171671 0.9987063945
62.72504935 0.9987063945
62.780269745 0.9987063945
62.842391547 0.9987063945
62.868970932 0.9987063945
62.878649398 0.9987063945
62.91019452 0.9987063945
62.960576884 0.9987063945
62.992076217 0.9987063945
63.034653309 0.9987063945
63.066575069 0.9987063945
63.128407448 0.9987063945
63.147389681 0.9987063945
63.171497271 0.9987063945
63.236348027 0.9987063945
63.273274272 0.9987063945
63.280098068 0.9987063945
63.351535618 0.9987063945
63.379162755 0.9987063945
63.408073659 0.9987063945
63.466226643 0.9987063945
63.505161263 0.9987063945
63.515760866 0.9987063945
63.551423396 0.9987063945
63.637897272 0.9987063945
63.653336577 0.9987063945
63.742625568 0.9987063945
63.806442689 0.9987063945
63.819093656 0.9987063945
63.869438528 0.9987063945
63.913507811 0.9987063945
63.986633012 0.9987063945
64.023342645 0.9987063945
64.065629744 0.9987063945
64.082462383 0.9987063945
64.093163502 0.9987063945
64.109880049 0.9987063945
64.144019448 0.9987063945
64.228321877 0.9987063945
64.238058113 0.9987063945
64.274329166 0.9987063945
64.318651138 0.9987063945
64.356192479 0.9987063945
64.376715831 0.9987063945
64.415020378 0.9987063945
64.474647799 0.9987063945
64.516561169 0.9987063945
64.523188364 0.9987063945
64.558781419 0.9987063945
64.641152536 0.9987063945
64.674768695 0.9987063945
64.684811324 0.9987063945
64.70094605 0.9987063945
64.785701842 0.9987063945
64.831083654 0.9987063945
64.83646151 0.9987063945
64.878969608 0.9987063945
64.963727779 0.9987063945
64.986128496 0.9987063945
65.020273921 0.9987063945
65.057519702 0.9987063945
65.091478332 0.9987063945
65.109896808 0.9987063945
65.144405461 0.9987063945
65.183003145 0.9987063945
65.208840064 0.9987063945
65.253506976 0.9987063945
65.275567793 0.9987063945
65.300136303 0.9987063945
65.406460254 0.9987063945
65.490140367 0.9987063945
65.522761871 0.9987063945
65.555292284 0.9987063945
65.596018038 0.9987063945
65.626697357 0.9987063945
65.660392479 0.9987063945
65.701798609 0.9987063945
65.750368419 0.9987063945
65.768073039 0.9987063945
65.808146518 0.9987063945
65.84190103 0.9987063945
65.881097021 0.9987063945
65.925737382 0.9987063945
65.939642914 0.9987063945
65.980836926 0.9987063945
66.006832722 0.9987063945
66.029121278 0.9987063945
66.076479094 0.9987063945
66.08655583 0.9987063945
66.107342099 0.9987063945
66.164179448 0.9987063945
66.235530036 0.9987063945
66.25723873 0.9987063945
66.288263864 0.9987063945
66.308500358 0.9987063945
66.331069057 0.9987063945
66.413467103 0.9987063945
66.472813827 0.9987063945
66.503106312 0.9987063945
66.54731487 0.9987063945
66.558918832 0.9987063945
66.577943708 0.9987063945
66.605760768 0.9987063945
66.688067551 0.9987063945
66.72075826 0.9987063945
66.796744322 0.9987063945
66.820447408 0.9987063945
66.855547165 0.9987063945
66.897254812 0.9987063945
66.946785311 0.9987063945
66.960460623 0.9987063945
66.996461835 0.9987063945
67.051522843 0.9987063945
67.074821742 0.9987063945
67.090606979 0.9987063945
67.122336836 0.9987063945
67.183431259 0.9987063945
67.193214792 0.9987063945
67.227723026 0.9987063945
67.279856718 0.9987063945
67.318930543 0.9987063945
67.355919065 0.9987063945
67.367061827 0.9987063945
67.388748838 0.9987063945
67.459549141 0.9987063945
67.476989788 0.9987063945
67.557656781 0.9987063945
67.567307943 0.9987063945
67.608917096 0.9987063945
67.675032419 0.9987063945
67.689786816 0.9987063945
67.736794571 0.9987063945
67.786305386 0.9987063945
67.796577402 0.9987063945
67.863722469 0.9987063945
67.90709347 0.9987063945
67.912797636 0.9987063945
67.954605206 0.9987063945
68.00511897 0.9987063945
68.043733908 0.9987063945
68.089366497 0.9987063945
68.098918056 0.9987063945
68.16052545 0.9987063945
68.198985845 0.9987063945
68.244383918 0.9987063945
68.264887664 0.9987063945
68.287081824 0.9987063945
68.346501685 0.9987063945
68.382212481 0.9987063945
68.441947515 0.9987063945
68.47707319 0.9987063945
68.534802289 0.9987063945
68.546939751 0.9987063945
68.586591326 0.9987063945
68.655996845 0.9987063945
68.722331825 0.9987063945
68.738586704 0.9987063945
68.751584112 0.9987063945
68.783381778 0.9987063945
68.794544447 0.9987063945
68.867720233 0.9987063945
68.878774359 0.9987063945
68.905258878 0.9987063945
68.976017818 0.9987063945
69.011462794 0.9987063945
69.027728476 0.9987063945
69.058869553 0.9987063945
69.116718511 0.9987063945
69.153203016 0.9987063945
69.223290141 0.9987063945
69.256358013 0.9987063945
69.278316599 0.9987063945
69.34041679 0.9987063945
69.382744047 0.9987063945
69.419937438 0.9987063945
69.469407953 0.9987063945
69.484453347 0.9987063945
69.520239927 0.9987063945
69.563698649 0.9987063945
69.597000961 0.9987063945
69.63982814 0.9987063945
69.681003998 0.9987063945
69.717653847 0.9987063945
69.755026511 0.9987063945
69.774377156 0.9987063945
69.811566999 0.9987063945
69.850011445 0.9987063945
69.899076821 0.9987063945
69.947108518 0.9987063945
69.958693942 0.9987063945
70.019820231 0.9987063945
70.073271852 0.9987063945
70.116792254 0.9987063945
70.150345216 0.9987063945
70.18570914 0.9987063945
70.216270188 0.9987063945
70.250436066 0.9987063945
70.288395943 0.9987063945
70.374748963 0.9987063945
70.437356921 0.9987063945
70.499587288 0.9987063945
70.527116122 0.9987063945
70.595336233 0.9987063945
70.684441447 0.9987063945
70.751161056 0.9987063945
70.848561678 0.9987063945
70.880088488 0.9987063945
70.904173307 0.9987063945
70.937740475 0.9987063945
70.972604789 0.9987063945
71.02379022 0.9987063945
71.05665177 0.9987063945
71.074809586 0.9987063945
71.101487271 0.9987063945
71.12231418 0.9987063945
71.146044519 0.9987063945
71.160702097 0.9987063945
71.176814536 0.9987063945
71.21986343 0.9987063945
71.289006485 0.9987063945
71.310638373 0.9987063945
71.368131082 0.9987063945
71.396548589 0.9987063945
71.453928416 0.9987063945
71.475701193 0.9987063945
71.513448395 0.9987063945
71.545791749 0.9987063945
71.567824028 0.9987063945
71.641935447 0.9987063945
71.66229887 0.9987063945
71.706460805 0.9987063945
71.726381476 0.9987063945
71.757298163 0.9987063945
71.808453311 0.9987063945
71.818434449 0.9987063945
71.862424249 0.9987063945
71.888366781 0.9987063945
71.960965184 0.9987063945
71.983023884 0.9987063945
72.066718145 0.9987063945
72.090917362 0.9987063945
72.116847863 0.9987063945
72.183330073 0.9987063945
72.2088808 0.9987063945
72.228408259 0.9987063945
72.265719929 0.9987063945
72.32516208 0.9987063945
72.348506914 0.9987063945
72.396277464 0.9987063945
72.441037621 0.9987063945
72.477536196 0.9987063945
72.542311834 0.9987063945
72.578400877 0.9987063945
72.614721945 0.9987063945
72.647127322 0.9987063945
72.678148736 0.9987063945
72.718461257 0.9987063945
72.75321407 0.9987063945
72.825420552 0.9987063945
72.894453861 0.9987063945
72.916016046 0.9987063945
72.957428838 0.9987063945
72.969351341 0.9987063945
72.976042105 0.9987063945
73.053161071 0.9987063945
73.069115829 0.9987063945
73.091671366 0.9987063945
73.140801695 0.9987063945
73.166498554 0.9987063945
73.228237639 0.9987063945
73.326298763 0.9987063945
73.342969826 0.9987063945
73.425809563 0.9987063945
73.443604563 0.9987063945
73.541307849 0.9987063945
73.581042108 0.9987063945
73.627159137 0.9987063945
73.659895268 0.9987063945
73.697397858 0.9987063945
73.791997179 0.9987063945
73.870549251 0.9987063945
73.910775 0.9987063945
73.937558156 0.9987063945
73.980536007 0.9987063945
74.016167131 0.9987063945
74.052615431 0.9987063945
74.070253957 0.9987063945
74.120832598 0.9987063945
74.167189592 0.9987063945
74.189625695 0.9987063945
74.215969747 0.9987063945
74.270002982 0.9987063945
74.299506813 0.9987063945
74.34487449 0.9987063945
74.3677707 0.9987063945
74.391133221 0.9987063945
74.415590253 0.9987063945
74.450485066 0.9987063945
74.476556369 0.9987063945
74.489042547 0.9987063945
74.521717792 0.9987063945
74.580051577 0.9987063945
74.591110152 0.9987063945
74.663579366 0.9987063945
74.700470682 0.9987063945
74.711037002 0.9987063945
74.783522679 0.9987063945
74.819487508 0.9987063945
74.83393937 0.9987063945
74.89036021 0.9987063945
74.923343808 0.9987063945
74.947402355 0.9987063945
75.005136 0.9987063945
75.044144845 0.9987063945
75.054060926 0.9987063945
75.137413684 0.9987063945
75.150115044 0.9987063945
75.166575506 0.9987063945
75.194830505 0.9987063945
75.264295819 0.9987063945
75.279548701 0.9987063945
75.333624235 0.9987063945
75.358836026 0.9987063945
75.427965538 0.9987063945
75.467605483 0.9987063945
75.485810866 0.9987063945
75.558729734 0.9987063945
75.649542781 0.9987063945
75.670097648 0.9987063945
75.699898429 0.9987063945
75.760575412 0.9987063945
75.841791351 0.9987063945
75.853693058 0.9987063945
75.888943768 0.9987063945
75.918340199 0.9987063945
75.956939184 0.9987063945
75.99701659 0.9987063945
76.081082464 0.9987063945
76.10315461 0.9987063945
76.160179301 0.9987063945
76.204955502 0.9987063945
76.223057548 0.9987063945
76.297037962 0.9987063945
76.325280367 0.9987063945
76.337465798 0.9987063945
76.430629871 0.9987063945
76.525623136 0.9987063945
76.564670639 0.9987063945
76.588849213 0.9987063945
76.635103288 0.9987063945
76.665187439 0.9987063945
76.701601996 0.9987063945
76.727 0.9987063945
76.774103603 0.9987063945
76.812781475 0.9987063945
76.835156368 0.9987063945
76.871370754 0.9987063945
76.919106716 0.9987063945
76.942485503 0.9987063945
76.975258073 0.9987063945
77.012116045 0.9987063945
77.045271908 0.9987063945
77.082786811 0.9987063945
77.11208137 0.9987063945
77.130245883 0.9987063945
77.17885819 0.9987063945
