0.006079243 0.986444062658
0.061089104 0.992628768968
0.123164922 0.996970807096
0.143666901 0.998619202226
0.195671859 0.998279920234
0.223382133 0.998279920234
0.272052449 0.998279920234
0.286694587 0.998279920234
0.332782475 0.998279920234
0.378886108 0.998279920234
0.424959702 0.998279920234
0.465981417 0.981570229981
0.486157367 0.955786045582
0.500706028 0.966709656296
0.572454064 0.977136907207
0.59147093 0.977624294244
0.632055581 0.977653307636
0.65437668 0.977716006878
0.679741335 0.97764154653
0.716724937 0.97645276021
0.750436494 0.9653916007
0.784732206 0.9653916007
0.809504311 0.965195198611
0.844490036 0.962118559145
0.869149866 0.960954936434
0.893545496 0.960954936434
0.939247828 0.960954936434
0.950981321 0.960954936434
0.986497374 0.964457114425
1.015528693 0.964457114425
1.044728759 0.964457114425
1.069227908 0.973219227427
1.095486803 0.973219227427
1.198330405 0.982542866331
1.237588696 0.974996437043
1.271048247 0.974996437043
1.328661455 0.970047041475
1.368823941 0.973223077785
1.403038507 0.9534222598
1.428600092 0.945832843205
1.472265824 0.93910979145
1.498573849 0.999839906525
1.528807954 0.999428429987
1.580023802 0.991227636955
1.648628079 0.988777224575
1.72094398 0.978114363557
1.763638132 0.983627068675
1.805942169 0.992747540678
1.827188328 0.988636284367
1.850610191 0.986688857492
1.937389531 0.97909213805
1.97041269 0.992261727229
2.001599109 0.994195987534
2.018440993 0.995024825954
2.053006767 0.998446264257
2.093308575 0.99171642663
2.127702773 0.995055654177
2.161233985 0.961400110787
2.193384414 0.958769203866
2.217014085 0.963865108182
2.241204037 0.95321860532
2.274458091 0.954363341905
2.302231723 0.972417700441
2.329933365 0.990961961638
2.368774854 0.97733921822
2.407253118 0.981797929437
2.454363595 0.931390753275
2.493276343 0.976827102812
2.540506217 0.978932409462
2.586382015 0.975321128999
2.622852444 0.938629153956
2.659150598 0.929620849389
2.730280566 0.94087316041
2.768257295 0.95347716164
2.852611381 0.926615064186
2.904255881 0.989740974023
2.948435184 0.977017928198
2.995157421 0.866136192988
3.04308353 0.835819632765
3.089865462 0.842220904064
3.122067863 0.901900117254
3.197079456 0.898619845509
3.258894792 0.896444191852
3.298024683 0.957711278224
3.402108833 0.977776531114
3.463165404 0.928560201409
3.50333694 0.919585017179
3.54270255 0.94515776801
3.651275125 0.88369663271
3.788636655 0.931371328288
3.812513499 0.91979388329
3.866373859 0.942476938797
3.931447564 0.947091943622
4.00165816 0.925432922732
4.073163209 0.833997599245
4.171088767 0.867277516456
4.214153297 0.922711941556
4.31034621 0.8505085907
4.329716323 0.865803411203
4.352244838 0.880371827077
4.433365047 0.898407601737
4.487640246 0.92440355324
4.597608577 0.898407601737
4.751431506 0.970421305889
4.780045004 0.953802436625
4.828935146 0.972359403012
4.87066156 0.975864316618
4.916549322 0.977268860483
4.94176197 0.979585339341
4.999555863 0.979793992828
5.053445516 0.979563359008
5.113852796 0.979448729444
5.154821515 0.949119616083
5.239550546 0.941402483139
5.316402517 0.960682949889
5.395219406 0.978426330928
5.482124906 0.917187861866
5.549699685 0.894961640756
5.625079445 0.90147101024
5.691547346 0.913148159931
5.719912749 0.923008335409
5.775118707 0.950580518933
5.801179155 0.950580518933
5.836815925 0.925805544306
5.894178813 0.938220565821
5.941317765 0.935980352199
5.990680381 0.920406807419
6.02537623 0.921393060397
6.049361546 0.926536092115
6.06505975 0.927823853748
6.148848589 0.937582165512
6.187588415 0.94408672291
6.210117611 0.943830614817
6.246005562 0.943830614817
6.279075764 0.931374164164
6.320219619 0.934659956362
6.461928457 0.968550230847
6.516686132 0.901439415258
6.605304645 0.910427271588
6.620623882 0.894075885377
6.633664416 0.861198936393
6.672708094 0.932511239487
6.709625271 0.919996162359
6.784931612 0.922384638286
6.814888392 0.893468819741
6.877544754 0.945512199507
6.935989847 0.946657428894
6.998536985 0.977270226604
7.04787104 0.942914627917
7.081103945 0.940194014654
7.190641777 0.952065937489
7.248077284 0.815065903119
7.352380327 0.827762238595
7.372120022 0.861732005557
7.418468983 0.91026266179
7.513359429 0.920746096467
7.648618462 0.854810250191
7.689406816 0.884599575058
7.744579261 0.915325483939
7.785780206 0.914059767249
7.844505577 0.955270496316
7.870885198 0.790798433534
7.909712184 0.826287701017
8.013516645 0.82880130857
8.050276547 0.727697910474
8.154375452 0.674478901212
8.182454111 0.804874760906
8.22539901 0.84290916251
8.327475587 0.837407329437
8.363634168 0.822006965695
8.471567227 0.852406091113
8.474058955 0.883053227661
8.524640716 0.9252832339
8.613186978 0.947185325188
8.668123107 0.946695862288
8.758587089 0.868159004542
8.800385485 0.873164061216
8.884027874 0.872019301168
8.931428032 0.872019301168
8.945552012 0.90805555344
9.039718017 0.93679060936
9.098918675 0.93679060936
9.164623791 0.93679060936
9.195167426 0.93474411355
9.243319845 0.93474411355
9.276623698 0.926105528297
9.351007982 0.939950409893
9.411859763 0.939950409893
9.519376789 0.927809982008
9.633479406 0.949836091563
9.772444379 0.88946285021
9.836477716 0.887301185955
10.244531358 0.951300524371
10.315715689 0.935933478445
10.46913624 0.935354357644
10.633806364 0.932580114616
10.776372832 0.962173735111
10.868501558 0.990637690014
10.9146203 0.979593566316
11.059004242 0.977581598263
11.059430652 0.977581598263
11.194338173 0.884646425506
11.216340276 0.725193954245
11.273893868 0.809562059945
11.299150696 0.852845120763
11.341677252 0.879506916431
11.38453506 0.946673183896
11.430546921 0.987600584955
11.457864965 0.982339801373
11.490464636 0.984539239264
11.537115217 0.981110419459
11.554794032 0.98786581669
11.603287407 0.996971090014
11.629405398 0.995184912014
11.67798796 0.987296424408
11.712086766 0.990632360935
11.739137464 0.992293989328
11.759810267 0.99729950879
11.801574611 0.999383185774
11.83813305 0.989944873254
11.880618859 0.997413857693
11.908878519 0.998443517665
11.933446513 0.998443517665
12.045831422 0.964296259597
12.071765343 0.975021507938
12.206800184 0.913202260998
12.239962027 0.965686218374
12.277331512 0.995756955311
12.324963062 0.95475773121
12.453333529 0.978970918866
12.568935895 0.891135182551
12.619176868 0.817561062774
12.763235584 0.952261168417
12.909502248 0.845076364809
12.962577088 0.840392717483
13.053388605 0.782882767153
13.108629723 0.74678023116
13.234992353 0.766597302535
13.27118945 0.766597302535
13.316139906 0.78901400302
13.372606102 0.661033913164
13.415089689 0.72974877031
13.462980129 0.750527828897
13.491682701 0.743273916682
13.529886036 0.768996118431
13.565250395 0.840967655952
13.603356429 0.847620496841
13.623552375 0.825176587749
13.632229459 0.825176587749
13.714089377 0.792038717608
13.772063325 0.770393596563
13.871827234 0.851165323365
13.913789544 0.84556922159
13.982212035 0.875505324768
14.053635202 0.892886656353
14.151995285 0.895416047584
14.197227873 0.920299349238
14.275685019 0.939209756178
14.334771466 0.920296183617
14.403662369 0.945820587231
14.432429345 0.95002295739
14.600013161 0.951307008116
14.645511952 0.816386349233
14.675228443 0.851954957301
14.842092659 0.842896226844
14.875785263 0.853814286048
14.891532044 0.853961308265
14.911193009 0.900817416924
15.025499714 0.943193712477
15.060938708 0.930892690945
15.181237419 0.969892868661
15.231519951 0.842483359443
15.34962154 0.829874015683
15.379155384 0.864432268854
15.45179078 0.891116812142
15.523297683 0.896591241206
15.56455744 0.945991041059
15.617681881 0.908204153293
15.780632279 0.953827482147
15.840691866 0.812192359359
15.924765309 0.808595550424
15.974491128 0.797423312506
16.066502483 0.922097088967
16.11890731 0.929556965989
16.168201046 0.863547378179
16.214857707 0.901133027279
16.308946425 0.943499934452
16.35741799 0.827475303783
16.44374294 0.866631212513
16.574101502 0.840952218105
16.602244254 0.846343500471
16.715408091 0.836917022923
16.779879091 0.827588909128
16.814294986 0.814736083787
16.873854356 0.847258902263
16.995820006 0.893471858617
17.076754942 0.893471858617
17.213517976 0.88814967395
17.233439594 0.88814967395
17.322122089 0.88814967395
17.471978328 0.823685033667
17.568965563 0.778641189834
17.672406603 0.775160536996
17.697622262 0.778641189834
17.769666695 0.909169271427
17.86588004 0.879330097027
17.951470298 0.816767715183
18.033980658 0.830506052097
18.061501835 0.850195194594
18.13186021 0.888720965387
18.239662959 0.910916840545
18.310971838 0.809138132981
18.396303611 0.861649485359
18.41957763 0.868565904633
18.488053853 0.9290971663
18.571111285 0.924106086434
18.60632786 0.924682692183
18.64544229 0.905774267918
18.75685094 0.908785745526
18.80105753 0.927802121535
18.902679225 0.895707702272
18.94778224 0.828288708569
19.043718505 0.89791101811
19.087211126 0.908608637891
19.207385518 0.786904097128
19.228800606 0.786904097128
19.314233368 0.837004736162
19.378671687 0.843241525344
19.471776466 0.84699114565
19.564080231 0.820917481284
19.671844107 0.786088955456
19.692147151 0.776138474063
19.769180999 0.810583551633
19.882399042 0.814458440139
19.912926029 0.810316475946
19.971228769 0.791137715901
20.051867695 0.825553805641
20.1209965 0.825482376783
20.133739316 0.850688937883
20.167415184 0.859486355633
20.187326855 0.859486355633
20.243241441 0.759021258781
20.326563429 0.875941725328
20.346037907 0.897528695916
20.495495048 0.850108837967
20.638954678 0.826528694
20.803261419 0.833062200475
20.807763834 0.823436607973
20.949210775 0.841141242096
20.96626438 0.841543085266
21.09411047 0.84156035604
21.122381293 0.84156035604
21.16759509 0.84156035604
21.239275296 0.85231726827
21.395497294 0.905500008234
21.539729675 0.905500008234
21.68096617 0.83666561446
21.874648794 0.895306656147
21.955154739 0.895306656147
22.062894689 0.895306656147
22.150768593 0.866079549524
22.172770969 0.854854022612
22.247233429 0.838232939581
22.254541382 0.851210075038
22.288614048 0.932444772413
22.327045552 0.940793048267
22.348853381 0.959963156718
22.428884701 0.957372588029
22.47479917 0.894330977574
22.511507271 0.909629702202
22.575471828 0.891006422137
22.618797277 0.91180576873
22.646611306 0.910677444226
22.714626298 0.953406331083
22.762691304 0.9338515566
22.800896608 0.947953243126
22.938576994 0.947953243126
22.999248916 0.95960081188
23.115962248 0.958436321279
23.259498075 0.891250291434
23.288968615 0.891250291434
23.377667687 0.949908479761
23.433059729 0.987709321613
23.597359531 0.989108432526
23.756788513 0.937197632565
23.874498491 0.962914826669
23.990799647 0.989754181714
24.075079957 0.904300042022
24.090625378 0.904300042022
24.110059572 0.905058031528
24.137939585 0.905058031528
24.161389467 0.922890833026
24.198057594 0.960956421154
24.221684793 0.942724225435
24.242214361 0.815863685022
24.266894556 0.832284015525
24.360420115 0.906624870078
24.39401191 0.896411471638
24.410335478 0.894896839332
24.470302314 0.922251301567
24.512318854 0.952870625779
24.555762322 0.952870625779
24.588824548 0.972458748487
24.697953173 0.959273618603
24.752185287 0.961140131204
24.799276177 0.961782124557
24.835813953 0.961782124557
24.894177841 0.961782124557
24.955354397 0.961782124557
24.973202836 0.961782124557
25.001053817 0.961782124557
25.033776736 0.961782124557
25.046145426 0.961782124557
25.081843073 0.961782124557
25.140587484 0.961782124557
25.175272249 0.961782124557
25.19494258 0.961782124557
25.278868338 0.978852831202
25.287899528 0.980396610165
25.333803651 0.981029257121
25.361679829 0.983789139031
25.399020925 0.967754964002
25.430331927 0.975030714676
25.441558435 0.972286822599
25.480940402 0.979508019617
25.503211165 0.996454871168
25.595184441 0.985988829027
25.618027641 0.971836562356
25.64966236 0.951595238726
25.715862965 0.927480462604
25.737798059 0.93379922687
25.772208946 0.93710851091
25.797948076 0.936976554209
25.825773562 0.962365530823
25.914190522 0.967501121243
25.942317772 0.937785329116
25.977799017 0.915550137703
26.056466673 0.888348189756
26.080944902 0.915797179496
26.110592678 0.91423746581
26.144038091 0.926248650805
26.196500795 0.927050957654
26.231685696 0.990878621495
26.257832112 0.989968971494
26.294335433 0.979668260676
26.33095415 0.954227820147
26.37080908 0.988481773393
26.403062447 0.954309789622
26.408209145 0.953659940684
26.449341671 0.930389430431
26.463488589 0.940531376785
26.493923983 0.942723447537
26.519348244 0.91855471877
26.547709883 0.929039421325
26.579094405 0.958472590763
26.613664627 0.958322280607
26.623533051 0.955844140286
26.64211069 0.953641708651
26.660672334 0.941104683264
26.763546378 0.946453424104
26.782602289 0.905396069503
26.82523195 0.905822660891
26.851748693 0.931165350318
26.906877854 0.973186799956
26.919456663 0.969323442946
26.948272007 0.968017549548
26.974151319 0.944928736905
27.008269171 0.945291694946
27.039022545 0.891291797586
27.066541906 0.852469418546
27.091593977 0.873365620527
27.127530559 0.885062184684
27.186105859 0.862919856304
27.249788991 0.895664631258
27.27322664 0.914459806906
27.305708096 0.910497494853
27.333130581 0.931194765358
27.351226279 0.894433837509
27.404612642 0.852507810882
27.424546933 0.886599085694
27.436021012 0.870181230248
27.452981928 0.857901882401
27.464178591 0.870151056444
27.480831211 0.849121710643
27.496379846 0.839213667297
27.515975743 0.856020755838
27.554095044 0.715447060934
27.578183319 0.733510042536
27.607974873 0.767879022188
27.628841664 0.773739276911
27.716419074 0.759051939525
27.745344012 0.759051939525
27.761048917 0.747077591523
27.788923568 0.735699142716
27.814275722 0.735699142716
27.877506053 0.869505186277
27.9189541 0.869505186277
27.962062852 0.920154705986
28.026378884 0.829209637598
28.077922648 0.821508468664
28.105256106 0.851751011837
28.158322602 0.860269406277
28.195926531 0.78759863338
28.234608351 0.782144002766
28.276588255 0.800210929842
28.364049073 0.863195951231
28.394922574 0.880817075832
28.434213741 0.835770880517
28.506412339 0.894143047693
28.566882633 0.899051001441
28.600003834 0.885729618428
28.701343025 0.904067649671
28.704337028 0.904067649671
28.727364654 0.904067649671
28.741896505 0.942627315943
28.762933351 0.942627315943
28.790880243 0.926926118469
28.847015225 0.952860724406
28.86966738 0.9451939216
28.892980305 0.9451939216
28.95630102 0.926641734295
28.980262888 0.953483624747
29.017246916 0.957795431819
29.077278451 0.952868742522
29.090533323 0.957068480172
29.1678284 0.991616772354
29.225072647 0.995773754826
29.243185925 0.997037452932
29.271753172 0.995571846062
29.330529473 0.97069736866
29.365036156 0.929207374937
29.486163113 0.992860587372
29.534270372 0.998588326361
29.57075505 0.997839914408
29.60260153 0.966011305911
29.633484571 0.96651418654
29.660923981 0.968716352131
29.693325681 0.968619124913
29.755827283 0.988013109268
29.78959893 0.992373695997
29.838317095 0.998929305925
29.877130946 0.99878638085
29.899501691 0.99626368202
29.9460344 0.99838514294
29.969156025 0.997106311926
30.000974532 0.993778216149
30.019404812 0.9978266278
30.068472377 0.999192816238
30.151032737 0.988895850788
30.190984131 0.926849902013
30.213690334 0.865866808003
30.244691697 0.896830225594
30.298482649 0.97860266444
30.359837873 0.989840438131
30.438557206 0.998319787436
30.521809761 0.955455913434
30.552684657 0.949219374713
30.595869811 0.959498714115
30.620004689 0.947629682025
30.674721771 0.951114934049
30.697884137 0.954660757547
30.717842108 0.933558326023
30.75129039 0.930939005725
30.785578386 0.952214594494
30.797358943 0.945234724161
30.847035757 0.930816061802
30.861360293 0.945296720638
30.89260243 0.9459915843
30.903030931 0.838208693306
30.924009308 0.841153400423
30.934995962 0.8310689831
30.962454893 0.819290818371
30.97415243 0.807210274857
31.029038305 0.779161504968
31.056879654 0.845278952009
31.084505802 0.857608437301
31.095551835 0.86997384878
31.258544271 0.887688197483
31.278222767 0.889844412432
31.455743995 0.884194425564
31.559368485 0.848969000289
31.774156782 0.930764700174
31.820713764 0.915770998151
31.946210414 0.957374427848
31.972749986 0.957374427848
31.988767743 0.957374427848
32.019608135 0.957374427848
32.030984908 0.827462091014
32.063698598 0.824246706392
32.081202319 0.850456969358
32.097904384 0.84189634345
32.150864547 0.828317894232
32.16728894 0.863332247923
32.19393845 0.863332247923
32.222875369 0.863332247923
32.24516716 0.888790959934
32.306793145 0.888790959934
32.32276108 0.888790959934
32.348015 0.94573115787
32.385800256 0.94573115787
32.473163391 0.93213268153
32.485414494 0.93213268153
32.51262309 0.948205802768
32.53852809 0.948205802768
32.627857001 0.948205802768
32.650191949 0.948205802768
32.688576156 0.968869754205
32.716899643 0.977392370624
32.76838349 0.966400922713
32.791370815 0.984280554347
32.828275126 0.984280554347
32.845838175 0.984280554347
32.875243779 0.984280554347
32.909051349 0.984280554347
32.986009137 0.997433740543
33.015188078 0.92907742474
33.048553077 0.927968737363
33.134138737 0.918431388104
33.149443207 0.884793868385
33.181265984 0.89255847291
33.223551342 0.86985740139
33.273156533 0.864124358211
33.286523111 0.865715213414
33.321741457 0.869990371595
33.346656479 0.860873313199
33.38216416 0.872869248026
33.444228037 0.911029963133
33.511180995 0.910909303481
33.524715357 0.921524009533
33.620112738 0.921671419285
33.687404289 0.934165457991
33.702200645 0.954865606385
33.722224223 0.949250608847
33.760915024 0.934268717967
33.844342838 0.953192032264
33.85726029 0.946266485536
33.912273553 0.93313697305
33.934914437 0.886267348753
34.022910156 0.77450307247
34.043049958 0.776028012583
34.091193406 0.765024053038
34.100074656 0.800894388356
34.1409219 0.84399728816
34.182215667 0.84179559242
34.241188056 0.973182139888
34.279187968 0.968105544138
34.324864172 0.940990504059
34.424458458 0.907869733903
34.498994612 0.991758048864
34.564518152 0.986895432495
34.583518407 0.990278894986
34.640949706 0.987296036437
34.656856244 0.979292376367
34.784738772 0.97814363735
34.813390967 0.914814066126
34.921666603 0.769022850238
34.947690308 0.784565400042
34.994999476 0.853241409589
35.060197204 0.975662613988
35.084365929 0.981841688452
35.125438777 0.979131613485
35.162532022 0.924638968082
35.198353505 0.92375832807
35.227696355 0.885296940436
35.402093087 0.942687524426
35.429402133 0.992702402234
35.474005308 0.995293376462
35.542803122 0.984915503442
35.570537768 0.974140477479
35.595873793 0.979659606624
35.63292425 0.985729039229
35.689600851 0.956685594935
35.751466316 0.975361767033
35.807900897 0.986457810228
35.900015815 0.908489235985
35.929062648 0.888361700205
35.954525528 0.927592010534
36.07154944 0.987017629137
36.099325209 0.937547470938
36.143228352 0.964033222753
36.208765389 0.935729677039
36.234490707 0.967354395639
36.26863762 0.965501261701
36.303754518 0.900778037023
36.34905726 0.902657017359
36.372709162 0.908958936342
36.410904203 0.908531098729
36.436059849 0.906333977663
36.472120318 0.908560461178
36.49375195 0.908322885435
36.519737678 0.951140358197
36.605475146 0.952742390822
36.634413514 0.928181429604
36.680610062 0.94662023799
36.745683725 0.934244975339
36.767362774 0.94973896154
36.800093771 0.841661907213
36.834939299 0.849953928113
36.889445389 0.802936900061
36.908165037 0.805454316006
36.940348106 0.878141288371
36.963859984 0.876316879241
37.026104663 0.905017499364
37.078925904 0.864742575237
37.109767832 0.861899558988
37.124165208 0.875405221294
37.159919238 0.886732454976
37.179338561 0.934692856846
37.212047158 0.92455384143
37.232111553 0.936513224775
37.251472188 0.918422120728
37.281684622 0.909847698327
37.293575845 0.947921805082
37.32076533 0.915076689248
37.341674869 0.904791789327
37.355214654 0.928615452327
37.394781742 0.905092444392
37.41522486 0.928332792778
37.448360872 0.930004903962
37.462357057 0.937452216681
37.485480696 0.932554512918
37.513954077 0.930372827434
37.527724776 0.932019225125
37.544076261 0.922525051708
37.587110027 0.9390786655
37.619854271 0.943920930533
37.657141596 0.957237924931
37.670941778 0.961198476482
37.679449365 0.961017807287
37.703654767 0.946823449118
37.755923297 0.927676912292
38.039689142 0.958590759507
38.073839123 0.958590759507
38.085971557 0.958590759507
38.106798759 0.953075172028
38.121098999 0.953075172028
38.207674795 0.897094876172
38.237635839 0.897094876172
38.262081298 0.878703944196
38.289758256 0.883898199868
38.313384176 0.883898199868
38.365221303 0.924395286895
38.389018084 0.924395286895
38.408770965 0.927968781344
38.44532803 0.910021876691
38.480846202 0.910021876691
38.504407895 0.95870828368
38.521468315 0.962676216169
38.54739538 0.960277910835
38.569784566 0.944806619718
38.582192667 0.89586093224
38.618893173 0.901222703795
38.689010117 0.88782528511
38.751744894 0.927161791642
38.791798897 0.971723221169
38.826526169 0.971974156074
38.870915514 0.993240306993
38.927612656 0.987118615139
38.991035767 0.98215669404
39.068368217 0.996306400657
39.080912426 0.978600967415
39.108189394 0.996465675059
39.130515316 0.997401380758
39.245579328 0.998480014016
39.268229309 0.998480014016
39.294671795 0.985485606654
39.320595839 0.964629067656
39.357275225 0.96619736898
39.38556644 0.972450268046
39.432890848 0.989348333501
39.458039737 0.990204367734
39.471494752 0.990204367734
39.499337514 0.979548583547
39.534600864 0.989348333501
39.590195612 0.989863507291
39.613970947 0.989863507291
39.629741289 0.989863507291
39.661371702 0.944551308901
39.681251967 0.919510150749
39.755688216 0.92056287311
39.775862434 0.92056287311
39.796481068 0.92056287311
39.823328217 0.944540236334
39.846578004 0.935617842183
39.912786952 0.965397523647
39.938102528 0.96442899222
39.956999923 0.96442899222
39.989785535 0.96442899222
40.076163212 0.854924262479
40.11670426 0.853833623382
40.139928357 0.853833623382
40.273697835 0.925465718857
40.353944505 0.954250940202
40.374376689 0.954250940202
40.386952541 0.969031688063
40.408333438 0.969031688063
40.434510851 0.969031688063
40.458456278 0.978971259934
40.496184752 0.978971259934
40.611508104 0.982600342203
40.621456872 0.980998950521
40.645668514 0.967211285088
40.668361489 0.966290853141
40.71292989 0.97335115116
40.792703227 0.938342325541
40.827445302 0.960906597769
40.845088884 0.959068956004
40.874415386 0.985415860513
40.936415563 0.982882088737
40.973765113 0.988225597353
40.999071768 0.988386514135
41.0369759 0.948840991997
41.078283582 0.971000687512
41.114734687 0.996055286329
41.177080215 0.994654208091
41.217643974 0.964290079384
41.255832223 0.95163337751
41.312523555 0.940052239276
41.355622489 0.986567307318
41.404709731 0.99385419528
41.425964626 0.993414919075
41.544414248 0.997939660045
41.576793344 0.894013485856
41.687151872 0.908463232086
41.706927573 0.935753324728
41.753615064 0.978954955766
41.823075742 0.970846404307
41.849401231 0.990199950282
41.884537724 0.980769933853
41.920815004 0.994724367959
42.018166454 0.907724975368
42.062516075 0.841853977243
42.163362807 0.772140835171
42.177421459 0.893589738939
42.230040035 0.910515604932
42.309146022 0.770367492768
42.327689048 0.739958044465
42.358498697 0.761427600041
42.393709052 0.807743044539
42.452660495 0.845898519105
42.469419343 0.863959954397
42.504458824 0.884897849332
42.529757226 0.858815395667
42.633638507 0.785533402628
42.669800938 0.742624781776
42.80816211 0.853026432672
42.829907726 0.856360316884
43.001126527 0.870083898667
43.030774072 0.862454472411
43.066800321 0.821573424778
43.090437276 0.840385427336
43.119357067 0.841694509254
43.147879661 0.934736316981
43.177298801 0.935496013464
43.201854257 0.935528550074
43.238630602 0.928877626886
43.257888115 0.935573442784
43.286370026 0.927886470532
43.345215328 0.860289654127
43.383814311 0.867075603169
43.444072175 0.8587138934
43.481749793 0.858923647119
43.529784566 0.890470395105
43.588115482 0.889978675422
43.640883773 0.923935369233
43.725104786 0.888763744567
43.744104039 0.871261984854
43.770207466 0.839480767306
43.787095369 0.841976933242
43.827445104 0.844484772295
43.872944502 0.831667685926
43.899094554 0.865190606123
43.934487455 0.868622317548
43.959168448 0.864099811849
43.983799699 0.843496427328
44.019779219 0.845038789484
44.03527372 0.875766301193
44.069310857 0.86718355551
44.090009506 0.868276478242
44.126127934 0.893294777869
44.144733397 0.893313398891
44.161729677 0.893214227273
44.198213176 0.893385676081
44.277791338 0.790800663893
44.293900917 0.790800663893
44.342631774 0.822391073684
44.437690359 0.888723625728
44.447270062 0.888723625728
44.479565566 0.888723625728
44.592418199 0.888723625728
44.623220132 0.888723625728
44.753455126 0.897825955394
44.791042669 0.897825955394
44.933114888 0.897825955394
44.993394019 0.897825955394
45.030344793 0.897825955394
45.058157957 0.897825955394
45.083864412 0.897825955394
45.114292178 0.897825955394
45.195694555 0.897825955394
45.222610746 0.897825955394
45.351526283 0.897825955394
45.51366928 0.917631283125
45.525805619 0.917631283125
45.552420509 0.921961019688
45.673505196 0.937430465811
45.692843066 0.937430465811
45.720553981 0.937430465811
45.751086717 0.937430465811
45.793280273 0.935919286289
45.836518184 0.931279461415
45.873501343 0.931279461415
45.888622901 0.927719647567
45.917529841 0.927719647567
45.954535317 0.927719647567
45.995738932 0.906186605577
46.069610077 0.904510365218
46.141791321 0.901974014176
46.194311587 0.802269008449
46.244610413 0.800436306862
46.260496121 0.776599416027
46.309188955 0.82757058821
46.316286655 0.82757058821
46.352100912 0.82757058821
46.385554035 0.843658769045
46.410143104 0.843658769045
46.445043059 0.843658769045
46.49043686 0.877631263533
46.519347401 0.877631263533
46.587786923 0.896797468555
46.602914287 0.889192517642
46.626952367 0.889192517642
46.655667673 0.889192517642
46.677031236 0.908192335096
46.819930783 0.919531438141
46.831989652 0.919531438141
46.861758795 0.938250098344
46.897365602 0.938250098344
46.90432708 0.938250098344
46.911543536 0.94061273387
46.924040487 0.94061273387
46.962848722 0.941767799328
47.014000053 0.938148323549
47.039506417 0.92713104129
47.080885351 0.901779173212
47.112169082 0.901779173212
47.12561785 0.901779173212
47.137984557 0.919530762419
47.197957082 0.971370697587
47.232207326 0.993119558142
47.258500356 0.963766520238
47.298492884 0.977574959894
47.308617064 0.981485553954
47.334655146 0.981409144371
47.35441698 0.979691362442
47.383235722 0.865225134635
47.40931522 0.875966109602
47.447652021 0.901920061539
47.478365668 0.966003535449
47.501758519 0.981099784053
47.526610179 0.993550230439
47.564980442 0.995444693693
47.626307093 0.961401467571
47.653216656 0.968547997934
47.678676936 0.972517015523
47.705845279 0.966866445181
47.764915877 0.977965752091
47.791336628 0.996490040607
47.855759544 0.940583289541
47.926320628 0.973610533005
47.990406034 0.978692721735
48.01017335 0.994308701004
48.043147644 0.978940973522
48.07011826 0.97661441262
48.09412722 0.977504770468
48.129957031 0.967992906345
48.152841354 0.941556142416
48.168807459 0.962245410602
48.194862564 0.928747311195
48.219497106 0.796034918654
48.23936316 0.791980835234
48.271294207 0.821214359017
48.294333184 0.787126536868
48.310973739 0.789695677519
48.377900967 0.867612286565
48.409729997 0.973359813907
48.435483443 0.969810924556
48.465312739 0.969961401433
48.520999882 0.963080568834
48.553275397 0.910234451303
48.570753749 0.910729062505
48.590017357 0.908008879691
48.613695328 0.860417505291
48.660588575 0.86015261362
48.700240551 0.926964487368
48.710738777 0.933035275305
48.72756443 0.921746956732
48.742725491 0.943692351464
48.776086052 0.90926522182
48.802878149 0.922002226317
48.842800618 0.877224932513
48.862805181 0.886534608893
48.873779633 0.896045924246
48.900968713 0.935449051969
48.95778672 0.8734872276
48.974127651 0.8734872276
49.013624218 0.900062589094
49.040149743 0.900062589094
49.107805919 0.904396153273
49.134468818 0.904396153273
49.149412857 0.90047401713
49.197550651 0.877146543116
49.268052477 0.92289332714
49.292620741 0.940812746082
49.318919829 0.940812746082
49.338345291 0.925388142234
49.438182635 0.834720446249
49.451685805 0.829501045259
49.464455304 0.823450037519
49.480753332 0.823450037519
49.506803225 0.830084787401
49.571153609 0.880100054755
49.613451672 0.880664969409
49.631891533 0.880278471167
49.665404518 0.858437793142
49.698761022 0.858656631408
49.804924694 0.876941754112
49.821955644 0.876941754112
49.858842512 0.902650107189
49.883635314 0.903640334496
49.910069799 0.894948479595
49.988952247 0.858205955023
50.010155445 0.896461683025
50.023445347 0.896461683025
50.063706765 0.8980841425
50.090221961 0.8980841425
50.166599904 0.878175996581
50.202527256 0.878175996581
50.233126249 0.823445586195
50.25501683 0.823445586195
50.31148921 0.827964467741
50.369081571 0.827964467741
50.42186708 0.827964467741
50.511313137 0.868796505793
50.544441458 0.896589317189
50.572426347 0.923782473526
50.591284908 0.932356742356
50.68857817 0.872127441677
50.720608439 0.724185609827
50.738379411 0.758657741158
50.77136459 0.74655898062
50.826694286 0.744221167754
50.856745454 0.778826026001
50.887633073 0.801338478408
50.918571644 0.810911368219
50.942340284 0.832047959479
51.025699392 0.789105402731
51.060686275 0.737966010959
51.101965463 0.706806506702
51.166371899 0.748547626666
51.197675773 0.777408473034
51.228395625 0.775711971617
51.258892335 0.835324075924
51.373477057 0.850960377675
51.409495328 0.751031920951
51.516284636 0.766154046475
51.540420091 0.777767253909
51.583404873 0.84538615357
51.683285052 0.751816889035
51.764405218 0.704432178467
51.850729899 0.730475401214
51.991968417 0.694171297396
52.15561006 0.704807742865
52.291451767 0.644617274914
52.410652572 0.63783361323
52.460341578 0.704580307838
52.626140261 0.883609283432
52.668101571 0.95445844298
52.747191638 0.979291013737
52.774342794 0.972137794932
52.80134214 0.976132125043
52.831474577 0.971083931197
52.863051408 0.952921092863
52.896192698 0.996509019761
52.933449559 0.939125714629
52.962552786 0.961251757414
53.000418787 0.9679720289
53.100167583 0.931774542892
53.150524538 0.915624027104
53.215109976 0.952922121127
53.247704929 0.991975444792
53.280185677 0.955943073861
53.319797863 0.948308625
53.412685277 0.861108410989
53.549127 0.831713227329
53.574795097 0.873469724834
53.620046354 0.909918535342
53.687497583 0.840639296308
53.716734629 0.866257916127
53.743220487 0.846669710805
53.777450893 0.883954905965
53.829180204 0.930906238665
53.855198152 0.949710553567
53.879792098 0.949670199364
53.903691195 0.946720093828
53.937896 0.936717335378
53.970587613 0.96845008111
53.993659427 0.963492790742
54.021184933 0.9617792779
54.041688537 0.977216439492
54.053413437 0.980986131225
54.087692541 0.973151114067
54.106931374 0.973138347125
54.139372652 0.83183262906
54.164030072 0.836153517887
54.182830271 0.833328491605
54.202920611 0.847273215017
54.213798405 0.855767450755
54.238743269 0.843043299952
54.250649315 0.832474060676
54.277236594 0.837137724051
54.304104506 0.881264715823
54.324371731 0.876961892692
54.349242816 0.874928487358
54.376046413 0.888688910009
54.392205179 0.864494526799
54.404895295 0.851743873945
54.431152401 0.852951462718
54.463200691 0.801774782432
54.477917733 0.808872854208
54.501823871 0.801267467882
54.520305466 0.793181689429
54.548175406 0.803640957823
54.806016011 0.793176113499
54.839391173 0.765890957037
54.913928673 0.769449806626
54.960128577 0.813596677379
54.984549088 0.769441745476
55.007990631 0.762902796634
55.016319447 0.761933652794
55.02577659 0.75841065015
55.041720342 0.7415132838
55.051101821 0.74473627937
55.086389153 0.692060983427
55.11824661 0.692060983427
55.144141824 0.621085390098
55.155035032 0.629650899253
55.177900774 0.689009244946
55.194211776 0.68399411283
55.198121695 0.68399411283
55.231214856 0.686868488047
55.281686367 0.717252466833
55.310127171 0.709720245843
55.331979039 0.720143022756
55.359425206 0.720143022756
55.39192498 0.806081281058
55.437025968 0.835718392409
55.469122992 0.846353094606
55.485767479 0.843855137853
55.518241931 0.859989835272
55.572216942 0.83050809544
55.578300464 0.83050809544
55.592812786 0.813946670104
55.610966713 0.813946670104
55.634892448 0.835966676632
55.718682891 0.85053940993
55.735231617 0.866316799966
55.774913518 0.859864828001
55.814065185 0.898091247652
55.868458701 0.920339824426
55.925777206 0.92852505087
55.961114053 0.983528290629
55.991810616 0.994773037128
56.055368088 0.997502398619
56.074622265 0.993979985106
56.112172928 0.995605294507
56.138753564 0.988609908806
56.154281803 0.988652729795
56.19153124 0.987210565741
56.240404828 0.960143640721
56.265089335 0.957749572195
56.301728845 0.958060727982
56.323299956 0.952760736204
56.348014903 0.952093244156
56.361903473 0.945080480109
56.409370741 0.9444475149
56.478536406 0.881922357174
56.524306968 0.90311051017
56.534611811 0.850138885373
56.606509634 0.850752818547
56.678915957 0.889878572055
56.72622018 0.854621074464
56.748667522 0.876207433944
56.796806805 0.867170282153
56.847553325 0.8905419777
56.977424907 0.905676223536
57.019504382 0.805665365818
57.082174682 0.803630472757
57.167447125 0.737263887468
57.197311507 0.749915630731
57.24534171 0.800631272151
57.336552358 0.831329987507
57.388819964 0.763688203006
57.478693965 0.782215634902
57.518350796 0.82325106564
57.570984513 0.854195915928
57.66130642 0.866973632216
57.755280745 0.81054917603
57.835129261 0.812088018973
57.982483505 0.881749433292
58.153622517 0.811805839664
58.294269616 0.829203461773
58.411517263 0.724562822392
58.607701416 0.791102934955
58.640571857 0.765341818148
58.745658709 0.838663298334
58.79668326 0.865187920019
58.878259413 0.848662526586
58.92935875 0.878896113646
58.981864485 0.882507693133
59.050904278 0.897347370042
59.139538866 0.899659668408
59.222927529 0.82345171451
59.308967156 0.803094999788
59.330570267 0.755565841539
59.407205825 0.782849224792
59.45213583 0.792472612733
59.547160145 0.937233042079
59.590969915 0.858011655711
59.685950426 0.895477946982
59.713406854 0.899212813433
59.752036289 0.935322121056
59.852757956 0.939687203934
59.894196803 0.87062908965
59.985442611 0.875883824289
60.014459107 0.899917223597
60.063654224 0.939149264508
60.155655397 0.932604805931
60.205260105 0.852944929862
60.293763899 0.819514415482
60.318842015 0.862416103825
60.362162683 0.905310137263
60.462282789 0.922222814881
60.509047212 0.85625534696
60.601153752 0.843997570798
60.648571316 0.867357072149
60.694638548 0.852648556671
60.796629253 0.869110848903
60.834864801 0.806132352946
60.933046554 0.769195693935
60.952076029 0.796425764126
61.005883172 0.86306437224
61.100523334 0.870314800302
61.139985739 0.823737194752
61.235332361 0.821833475914
61.273892465 0.841101736134
61.320745479 0.883375804723
61.376678714 0.874178600497
61.418467604 0.917257869093
61.453141473 0.883365704685
61.483045976 0.920973471035
61.534694625 0.923429935225
61.580743701 0.944359842059
61.625694501 0.940212730923
61.653583415 0.917615855818
61.714681849 0.94202578854
61.842913464 0.911446375178
62.002828941 0.848473005163
62.023307636 0.799400713855
62.057259849 0.801141393802
62.099225755 0.838576466113
62.186892349 0.806303598938
62.267426833 0.825887174319
62.323502844 0.743478112049
62.402011945 0.73378825742
62.438896536 0.754614155081
62.542554601 0.855903995366
62.608796293 0.876431984283
62.64339749 0.850461484973
62.684692628 0.86902827896
62.709639095 0.819711722122
62.763636159 0.813198981404
62.791472503 0.819580471638
62.818015925 0.7898280128
62.86036445 0.862974442816
62.904626708 0.868652229071
62.932642779 0.868638719039
62.977426759 0.897284049209
62.996875189 0.90016812235
63.022847586 0.916004635172
63.046981108 0.917329442594
63.079068638 0.783394743249
63.102279269 0.835373280666
63.122463602 0.819747330959
63.152465513 0.825672030343
63.166952362 0.871650993721
63.193574621 0.843485637031
63.227766276 0.844126043556
63.25278133 0.887887148984
63.264827115 0.891167205021
63.304855106 0.888787737287
63.323303827 0.909284448415
63.345594035 0.886400728446
63.356693556 0.896016840262
63.384459893 0.880658441093
63.420718839 0.883634059512
63.437741734 0.885831439838
63.454343786 0.819202626521
63.487583316 0.824628277648
63.512146227 0.817798504928
63.532138984 0.812031389148
63.55107435 0.809102827609
63.679445882 0.887697412982
63.688171908 0.878312664301
63.826371901 0.84520960734
63.883679866 0.861373486379
63.934264629 0.871620358239
63.96342925 0.901447367459
63.994396979 0.901447367459
64.080627266 0.878328641053
64.089894176 0.842407427775
64.122047296 0.841552544984
64.138330035 0.841552544984
64.229759889 0.866389503892
64.275501534 0.863895867332
64.285983376 0.864796313064
64.312498105 0.943452555033
64.336481466 0.928197054163
64.35076748 0.928197054163
64.379787961 0.913860749776
64.451555083 0.892644320214
64.48633023 0.892644320214
64.514554072 0.945638284459
64.630537458 0.814387950283
64.6509248 0.825973310488
64.703680991 0.772488681546
64.795195577 0.995816157362
64.818328511 0.989211220925
64.85392439 0.993198070707
64.987674233 0.991567977006
65.126245978 0.941566894417
65.146721792 0.942785349433
65.195410244 0.873794777277
65.28117706 0.86614577749
65.337389982 0.997656114045
65.426415371 0.991361084241
65.439749569 0.991744335048
65.483615418 0.956541531111
65.565033797 0.998769714509
65.58599292 0.998532169656
65.621008418 0.99828065461
65.650234165 0.950166774976
65.697313754 0.936882847207
65.725593046 0.91004138606
65.763553194 0.933959351063
65.782816826 0.95246714705
65.802349593 0.929993473488
65.832662652 0.908785778406
65.870527248 0.849403512536
65.989082232 0.856982591207
66.041507881 0.847870777802
66.114567802 0.937363851446
66.175421266 0.938588079603
66.278237034 0.873183461102
66.43272592 0.913402574741
66.511262347 0.902413974017
66.652720279 0.83752440115
66.797984812 0.91579545881
66.871145255 0.84368767754
66.913450109 0.84368767754
66.957766714 0.84969135887
67.060675017 0.906544420272
67.105311714 0.90912476716
67.197023267 0.966976506222
67.215779522 0.972448148732
67.242368293 0.975934129904
67.261824556 0.984049461184
67.310847389 0.973686181581
67.337690845 0.968496113938
67.389380099 0.981030358467
67.407458478 0.981030358467
67.470285021 0.993408315795
67.526491067 0.984609909842
67.564747296 0.962427820612
67.601167174 0.972939091767
67.640133945 0.974282693531
67.693626745 0.994997067613
67.928664058 0.991653477783
67.945468941 0.97416638305
67.989166015 0.991193443092
68.075283891 0.952850389196
68.116575657 0.984826655886
68.144713086 0.978964731792
68.178632173 0.985539338873
68.239113091 0.984928331865
68.271271432 0.989755201478
68.298736259 0.990403277234
68.358081722 0.98554103453
68.438272797 0.98554103453
68.555943794 0.98554103453
68.582139058 0.98554103453
68.604471144 0.98554103453
68.627494858 0.98554103453
68.669620324 0.985929314007
68.688675955 0.987786311268
68.706463373 0.991088324529
68.739240156 0.994207895509
68.779164226 0.938852393277
68.810312011 0.947548566848
68.880525632 0.944302917025
68.91446349 0.958201378948
68.935217474 0.954574510324
68.95789374 0.946461353119
69.034223687 0.992974278513
69.058915824 0.992180683811
69.090021826 0.982211363716
69.159215179 0.992245241616
69.209096625 0.97328693483
69.290480962 0.953246644874
69.323263761 0.956641651293
69.34930011 0.966350170654
69.365897642 0.973728562046
69.41686145 0.964702644173
69.447251477 0.974174370024
69.493742085 0.98005131202
69.528573184 0.986086175528
69.55163327 0.985502374096
69.562464327 0.979174318159
69.571709754 0.989827461669
69.606546827 0.991346258694
69.645380042 0.977202401609
69.67904763 0.991622853252
69.704511719 0.991725524356
69.722149053 0.995088569088
69.785291945 0.99437730266
69.834252177 0.993848919319
69.895550497 0.989952638152
69.938901723 0.887736579654
70.000744288 0.943933756372
70.268145671 0.929325798154
70.283841016 0.899723843112
70.326808053 0.880327492032
70.355406841 0.902367644071
70.38044632 0.886796674689
70.401916264 0.903475586847
70.433988404 0.83216964743
70.445233441 0.829736696516
70.517860576 0.786893365554
70.541863713 0.790667944116
70.67699707 0.955366954081
70.827038807 0.875844854167
70.837166764 0.875844854167
70.858082466 0.875844854167
70.954795819 0.847129677567
70.973443988 0.877799511535
70.996259096 0.894112822856
71.112454488 0.933298539132
71.191292339 0.918379068525
71.250601292 0.956032032111
71.408312173 0.845297582734
71.521584498 0.903757585482
71.574576527 0.981683607328
71.684357744 0.99898141624
71.756900889 0.932449150041
71.820966507 0.860223237399
71.84514389 0.853678866618
71.869005021 0.867641621169
71.904342263 0.922284431187
71.961260371 0.937718487226
71.993542646 0.923244871573
72.024070935 0.873939754395
72.056885814 0.869163885906
72.080729163 0.867250381786
72.108920228 0.942852976352
72.1414295 0.943608916095
72.190898368 0.94014787265
72.212499036 0.93182496818
72.252690691 0.950172047457
72.295690356 0.923867588519
72.332000885 0.942473715927
72.368485375 0.95813628581
72.425560211 0.94679903108
72.447490303 0.932336482243
72.476779035 0.951074149189
72.489855035 0.950879495671
72.502367562 0.957923238761
72.517349144 0.95446283004
72.555547016 0.947311081816
72.636042033 0.88460166147
72.662971116 0.849931965474
72.687166185 0.843856101029
72.771300387 0.967671444078
72.797614844 0.996473568384
72.862735551 0.957131971946
72.917616126 0.994143044076
72.949689424 0.990791539642
72.98328338 0.986655249102
73.013441406 0.98987218998
73.040000056 0.99448661897
73.078974557 0.982928622898
73.103217341 0.989041378028
73.15337501 0.984449741684
73.182313047 0.995240652606
73.214500691 0.96876882548
73.252302588 0.969869060852
73.293016381 0.940267949837
73.328889169 0.959306183858
73.360969998 0.955902596766
73.390327653 0.957842834924
73.420402473 0.958960980646
73.4479686 0.961619641021
73.508271214 0.964480360746
73.529067222 0.957842834924
73.566499367 0.839238765981
73.58944027 0.839144224461
73.611684885 0.883549271831
73.649177372 0.898757219432
73.66541211 0.901266127511
73.682420247 0.896346968286
73.709236619 0.979396396886
73.719072807 0.976529182357
73.765346713 0.916447133541
73.784737272 0.940115402455
73.813657652 0.953359627002
73.833781813 0.942365295708
73.87452345 0.954504153604
73.891369396 0.979016449614
73.902779594 0.958760753449
73.923937855 0.960408991925
73.973709731 0.956351070019
73.993401691 0.968958717634
74.001900416 0.96039449304
74.012091989 0.947502317408
74.038698581 0.938437962387
74.105593106 0.92890617415
74.294411899 0.870550728046
74.357075151 0.919810115154
74.387609979 0.903550795119
74.411083633 0.905809001103
74.443876995 0.921134061856
74.454983074 0.923752923477
74.469385458 0.908587435144
74.542408681 0.892970384131
74.576252095 0.902227537381
74.595499138 0.906437062095
74.607074654 0.906168192618
74.631203676 0.914235377713
74.655888469 0.911377341818
74.684652976 0.901567115347
74.706719239 0.921053301757
74.743800133 0.91513279365
74.78170736 0.914304169345
74.808736675 0.924578424832
74.829360858 0.924578424832
74.853958118 0.924578424832
74.88140544 0.828622846768
74.884656081 0.87398868729
74.905823466 0.87398868729
74.93787919 0.85935252625
74.969211707 0.85935252625
75.016540528 0.89281938098
75.084033114 0.951523400252
75.154343371 0.988716160155
75.21201518 0.975248408809
75.290681185 0.942987658677
75.31549613 0.897481032405
75.344292232 0.90683108948
75.380417727 0.897450655549
75.426787992 0.944014547028
75.444678326 0.945773330532
75.472711782 0.932656054917
75.497957095 0.948048522634
75.568950587 0.959590185344
75.586034785 0.964125586306
75.629786236 0.962317681571
75.658367627 0.832819781168
75.708200299 0.842770031323
75.736479375 0.853978730529
75.772575837 0.853462393912
75.805046553 0.90392239356
75.832752876 0.928799128733
75.90945404 0.925993857308
75.945695062 0.944928179482
76.013102073 0.920700521186
76.043842543 0.923128619498
76.08631911 0.966625791051
76.161669063 0.951977170357
76.190757997 0.94997727249
76.305332219 0.969737080148
76.3404733 0.876894080915
76.446463549 0.843854676212
76.478118607 0.87362444429
76.523300756 0.900295207925
