0.005554951 0.935381812427
0.094378316 0.938339477332
0.182615388 0.938339477332
0.192361788 0.938339477332
0.230809119 0.938339477332
0.27831179 0.938339477332
0.379381926 0.938339477332
0.418911825 0.938339477332
0.481177921 0.938339477332
0.490239236 0.938339477332
0.503668971 0.938339477332
0.513102699 0.938339477332
0.523336066 0.938339477332
0.711168419 0.938339477332
0.722496176 0.938339477332
0.751077689 0.938339477332
0.796544184 0.938339477332
0.820799096 0.938339477332
0.853692492 0.938339477332
0.91269594 0.938339477332
0.937951145 0.938339477332
0.972762702 0.938339477332
1.022995333 0.938339477332
1.178785246 0.938339477332
1.296953443 0.938339477332
1.326260917 0.938339477332
1.378602097 0.938339477332
1.411656547 0.938339477332
1.448638907 0.938339477332
1.478627193 0.938339477332
1.495270111 0.938339477332
1.538763337 0.938339477332
1.596800602 0.938339477332
1.620206706 0.938339477332
1.693260603 0.938339477332
1.712117955 0.938339477332
1.901476604 0.938339477332
1.925758176 0.938339477332
1.989829361 0.938339477332
2.023819756 0.938339477332
2.035240804 0.938339477332
2.120770082 0.938339477332
2.143069434 0.938339477332
2.158374513 0.938339477332
2.218878197 0.938339477332
2.240891101 0.938339477332
2.269689989 0.938339477332
2.300311639 0.938339477332
2.316300294 0.938339477332
2.336757848 0.938339477332
2.415209572 0.938339477332
2.441814797 0.938339477332
2.585390685 0.938339477332
2.594818656 0.938339477332
2.616530158 0.938339477332
2.652672524 0.938339477332
2.750103824 0.938339477332
2.772457082 0.938339477332
2.808726279 0.938339477332
2.81858373 0.938339477332
2.866555056 0.938339477332
2.901653023 0.938339477332
2.914426104 0.938339477332
3.031209226 0.938339477332
3.046933552 0.938339477332
3.159291407 0.938339477332
3.178955242 0.938339477332
3.195601409 0.938339477332
3.219031824 0.938339477332
3.241562934 0.938339477332
3.293481356 0.983539463278
3.311855811 0.984294804527
3.370322619 0.984294804527
3.393246671 0.98496485951
3.443552727 0.982833249589
3.460486389 0.982833249589
3.478238402 0.982833249589
3.502619265 0.983453569787
3.6194978 0.981086047482
3.633098632 0.981086047482
3.653291916 0.981086047482
3.666443607 0.981086047482
3.688308602 0.981086047482
3.713291887 0.974575229183
3.811090457 0.9791291262
3.830744126 0.9791291262
3.871605107 0.978400133089
3.884142013 0.978400133089
3.929549945 0.979156394338
3.961204008 0.979156394338
3.980392612 0.979076613456
4.08489648 0.96008061281
4.209564168 0.960711300246
4.231180862 0.960429354689
4.253991866 0.961223317756
4.307644508 0.96114094436
4.381495606 0.961793040028
4.443820243 0.961679540755
4.516022005 0.960410750534
4.560226096 0.950689424724
4.677744363 0.959176435125
4.733040812 0.956771099118
4.762415865 0.984218383016
4.891006462 0.980192961054
4.921581776 0.976329513433
5.021299346 0.979316853779
5.042490287 0.97397916468
5.159455964 0.977635385944
5.30141697 0.979397121618
5.344999299 0.979890683534
5.36578265 0.979060517889
5.419037473 0.976568551928
5.443735213 0.977175492136
5.487319257 0.977086208955
5.501615586 0.97713373398
5.56507824 0.979623269674
5.582069069 0.977711234455
5.598191085 0.973639935776
5.621030749 0.976905228828
5.723728543 0.980439337
5.737869826 0.97849304068
5.791134936 0.980178321535
5.823921351 0.985668910896
5.837328408 0.985084723082
5.942897934 0.979161743713
5.952741018 0.977824400288
5.977309533 0.981058022923
5.988816431 0.979290694575
6.071668999 0.980214326737
6.090599621 0.976963218767
6.118630774 0.976385484241
6.214540355 0.978632025738
6.2247971 0.976773528136
6.355225486 0.979950651048
6.364986495 0.977788628107
6.400968611 0.980369879322
6.415391878 0.9790727677
6.431023182 0.980362971866
6.487799332 0.978350515913
6.499724155 0.979707316335
6.553998453 0.981741592352
6.565585226 0.981101871507
6.611177054 0.979522857781
6.647344266 0.98232696081
6.657383887 0.981612802207
6.683744937 0.98107017007
6.782634369 0.980137773022
6.843942254 0.979991299197
6.873059879 0.980086544231
6.92690692 0.98112275906
6.961907447 0.979452955942
6.977897408 0.986574879845
7.05104475 0.983623160167
7.100976811 0.982949762932
7.161099769 0.968226509266
7.179814193 0.961369494105
7.212727468 0.961172183415
7.278961739 0.962430998696
7.360079097 0.92236160384
7.444062739 0.988844109163
7.484796228 0.990594869619
7.595997252 0.990697779623
7.707191891 0.991384339826
7.81614079 0.993204437682
7.928713996 0.978609918581
8.033312649 0.97544047508
8.15002559 0.987172650731
8.257858056 0.983694016727
8.368263795 0.977730311935
8.48040226 0.925788351349
8.58602657 0.887679347482
8.69792115 0.854950153236
8.809026068 0.852743752094
8.917365905 0.864461174112
9.029846247 0.857068780949
9.137749019 0.863874396828
9.248280822 0.871835594817
9.356784708 0.830343868634
9.469254805 0.836574224796
9.572312793 0.830223506496
9.618098453 0.829957191868
9.657656902 0.833775123824
9.699589447 0.842941610752
9.743372057 0.850650985662
9.781104044 0.859128750909
9.814530799 0.863873983997
9.863267665 0.849682128372
9.894468279 0.846580800462
9.982787727 0.831006793347
10.05477534 0.830591467764
10.158731722 0.814257471215
10.220110281 0.816536770922
10.231276836 0.94631613999
10.298402216 0.962612910955
10.338768167 0.966821295054
10.371019739 0.971463669291
10.455085706 0.976060662137
10.499108503 0.975594632485
10.55259467 0.971020582748
10.587225613 0.976239105291
10.636329691 0.975325447986
10.665487568 0.962934387641
10.700438695 0.968890560108
10.745253112 0.976656920511
10.789500485 0.979952792685
10.823278499 0.966316333326
10.853638698 0.98354511916
10.889537726 0.974192583204
10.934830991 0.981976465555
11.011208952 0.981053238618
11.07080711 0.9870093219
11.103917256 0.988208103027
11.137873128 0.9862657175
11.20316782 0.983954003693
11.268663528 0.983402473527
11.302247103 0.973587843121
11.391901491 0.982910591179
11.444303566 0.979510137249
11.521530114 0.985491015572
11.597729383 0.978538227079
11.708111008 0.981908835787
11.746012747 0.965706499624
11.790274374 0.962795928719
11.824534638 0.977113442802
11.860105518 0.962648211635
11.908156734 0.966094040911
12.001595191 0.980972799302
12.037982049 0.968030347004
12.071216314 0.981439796746
12.109265358 0.975047751962
12.144449062 0.966862334598
12.182593176 0.974648711301
12.220956219 0.981673791504
12.267494144 0.982455992381
12.303301394 0.977766196014
12.34265659 0.987316618633
12.379242495 0.981895988497
12.43340695 0.988861681204
12.475362144 0.985691910588
12.517865137 0.990001845084
12.56434105 0.981734015647
12.593901119 0.985380231399
12.624691418 0.983449760769
12.677070218 0.986686881789
12.733719882 0.978864582148
12.810416989 0.985747182267
12.880459706 0.988220222212
12.984173749 0.98418264255
13.08292682 0.983581970039
13.160345862 0.973162123923
13.209688324 0.972348364213
13.234114811 0.974938940307
13.299114883 0.974887558247
13.340303636 0.953838917553
13.387198188 0.939212759842
13.419363044 0.953524550776
13.458784591 0.950508809357
13.609206923 0.98331790394
13.648023168 0.963050616296
13.695038136 0.978036912843
13.730509534 0.975035287
13.777530206 0.975549692286
13.826225704 0.976813944702
13.868899278 0.979380335496
13.908959095 0.98342086727
13.946197285 0.973569300084
13.99363401 0.978865647636
14.13481867 0.97058361126
14.206353464 0.986525346863
14.275919945 0.990419746606
14.384147954 0.97584562445
14.476143993 0.983049732549
14.560793456 0.965309414042
14.589532027 0.967658823929
14.638431049 0.975472546591
14.678077271 0.97665454862
14.712772183 0.974673050457
14.742732076 0.97950855875
14.784885545 0.973515102978
14.820405984 0.982299829036
14.849204158 0.976768639894
14.904244848 0.988489572014
14.940698818 0.985717656399
14.974353658 0.988633109844
15.018065453 0.989686819617
15.115251312 0.990075100952
15.155528848 0.986954146486
15.19940661 0.989806788636
15.231590747 0.98567797423
15.263875982 0.985534299078
15.294830086 0.982149159161
15.33645924 0.990228348252
15.372150666 0.991610509915
15.408514894 0.992133592582
15.554184387 0.990256688907
15.619523758 0.988286015275
15.798406514 0.984058514389
15.870866164 0.97869240306
15.915667421 0.986268153906
15.964055271 0.979297794196
16.004988623 0.97270674222
16.037685147 0.976967964694
16.090117848 0.982767162371
16.11708946 0.9825542168
16.171774389 0.982035219714
16.206992639 0.984823812778
16.238255834 0.98239562514
16.274848388 0.986843289064
16.319170627 0.993613938827
16.362717095 0.984285650907
16.441557341 0.991065402979
16.488626104 0.991310349591
16.510936227 0.990060869057
16.547845931 0.990081574005
16.592638131 0.989609771457
16.626467767 0.983122035146
16.6660977 0.984637302156
16.747558902 0.992249051322
16.783830387 0.990853442047
16.810412818 0.990262185857
16.864954466 0.990018771095
16.903306005 0.992177235646
16.949180557 0.991861951247
17.019115016 0.993802099081
17.108677792 0.992345995458
17.160880175 0.992222661768
17.242865081 0.989584895853
17.382201633 0.99158241582
17.43482033 0.987775574574
17.454421712 0.990572900259
17.501571988 0.985498971609
17.548592613 0.986090699795
17.584875722 0.988902326547
17.648694985 0.981323258235
17.668859677 0.987225098251
17.731880433 0.986450898191
17.757201836 0.988721255193
17.795081044 0.985365047268
17.838461576 0.988085212737
17.864822808 0.98545654478
17.889241679 0.986936608652
17.941825031 0.993580422444
17.97393854 0.99201964428
18.109961687 0.989592558715
18.143784959 0.98932219902
18.19111653 0.989262142305
18.227697016 0.987442795002
18.249547221 0.989778786734
18.286767909 0.989376916755
18.31733197 0.992437197585
18.468137835 0.98812000992
18.573058629 0.992563624276
18.662518023 0.996973190552
18.709497464 0.993538211534
18.778112462 0.992103807152
18.830362909 0.984785217988
18.859575228 0.983989044315
18.869086022 0.985392886235
18.909886232 0.985279285159
18.93626154 0.991143860837
18.95530936 0.988318615253
18.996533716 0.988227736369
19.015954269 0.980051493579
19.049671943 0.993999847556
19.09954839 0.984631574442
19.136286565 0.990592156786
19.169564536 0.986891432005
19.194442511 0.992484122296
19.232781785 0.990350389103
19.255660296 0.979231317862
19.277551526 0.988578510946
19.315961909 0.980934311086
19.365106019 0.981589390746
19.390413092 0.979111601061
19.435298368 0.976611045413
19.470675054 0.980719506075
19.501267353 0.978102155861
19.528544743 0.980356461836
19.574298463 0.987268719972
19.60879918 0.982436951042
19.660105204 0.991679427668
19.759466282 0.971341594493
19.808133025 0.959396632864
19.856537998 0.965126562734
19.906143701 0.978050559388
19.950886535 0.993322878693
20.01410175 0.994865097451
20.081030394 0.995609853158
20.117086711 0.980984114612
20.14119543 0.983373159572
20.165033724 0.980005848893
20.179904941 0.988344739691
20.196861281 0.986701450288
20.245821842 0.993230352799
20.281766072 0.98878874263
20.320625988 0.995185095001
20.363991423 0.992386300411
20.399012789 0.99707937926
20.435519664 0.99676995305
20.475299365 0.99707166436
20.507213529 0.996844403562
20.557105191 0.996947052853
20.587718911 0.994251884161
20.629016868 0.993501180273
20.662465872 0.990293823686
20.708264486 0.986053336521
20.74550219 0.986579192631
20.929525013 0.977486648355
20.964223369 0.976774496046
21.014141464 0.976658039933
21.06787798 0.972817234009
21.226560325 0.976142313014
21.245266269 0.965641534303
21.280424942 0.965641534303
21.302685287 0.965641534303
21.359179394 0.962725481374
21.392631116 0.962725481374
21.456700576 0.962725481374
21.497536073 0.956364505418
21.615456512 0.97756530765
21.661249518 0.98080055287
21.699413362 0.981958624157
21.735152419 0.984568016104
21.780147094 0.979037096154
21.826009862 0.977360860498
21.870869703 0.977360860498
21.941647253 0.978090109061
21.971655968 0.977129016535
22.004560979 0.976446301432
22.041506346 0.976973741368
22.06485579 0.973986975694
22.092792169 0.975262375839
22.134700784 0.973062126875
22.161263858 0.97227258578
22.178663333 0.974511074768
22.21367754 0.974851786841
22.238548575 0.976841880679
22.273972739 0.976113753315
22.303009378 0.976113753315
22.346102034 0.975555100557
22.375719568 0.975880474002
22.411007069 0.974660758042
22.451724091 0.976309320747
22.529907407 0.980144149667
22.567078305 0.980711592117
22.604905816 0.976855870929
22.62694337 0.982587092993
22.674837329 0.983132265913
22.743734938 0.979912242048
22.781240536 0.972899911396
22.833327822 0.982075517658
22.854847073 0.976657508725
22.98389594 0.977087224647
23.112746156 0.977087224647
23.130901128 0.977087224647
23.161127145 0.977087224647
23.181775594 0.977087224647
23.21464914 0.977087224647
23.252675601 0.977087224647
23.306239824 0.969114430731
23.333533696 0.96706381025
23.371038345 0.96706381025
23.423043652 0.963204888419
23.447036256 0.960747058027
23.527632297 0.965007088246
23.549522635 0.965007088246
23.586398758 0.967363803807
23.610296267 0.967363803807
23.624254366 0.973100029499
23.7300318 0.99023566264
23.752360746 0.99023566264
23.805184566 0.99023566264
23.824536503 0.99023566264
23.882141866 0.99023566264
23.924062957 0.99023566264
23.94551715 0.99023566264
24.017186364 0.99023566264
24.091545378 0.99023566264
24.141384135 0.99023566264
24.213119912 0.993296788097
24.234576541 0.992287235365
24.27489983 0.992287235365
24.289796555 0.992287235365
24.352313001 0.992287235365
24.392969159 0.992287235365
24.410009933 0.992287235365
24.441057008 0.992287235365
24.467929649 0.992287235365
24.493644544 0.992287235365
24.562538291 0.992287235365
24.573305011 0.992287235365
24.60522098 0.992287235365
24.678767863 0.992287235365
24.711234342 0.992287235365
24.744326694 0.992287235365
24.793071401 0.992287235365
24.81990554 0.99994123434
24.837333415 0.99994123434
24.87669051 0.99994123434
24.923977271 0.99994123434
24.977157971 0.99994123434
25.01880391 0.99994123434
25.056186676 0.99994123434
25.084006688 0.99994123434
25.165066606 0.99994123434
25.186027237 0.99994123434
25.195271764 0.99994123434
25.243292934 0.99994123434
25.288695126 0.99994123434
25.305431708 0.99994123434
25.332332148 0.99994123434
25.361197796 0.99994123434
25.387873006 0.99994123434
25.411682463 0.99994123434
25.445463191 0.99994123434
25.468721468 0.99994123434
25.500935686 0.99994123434
25.548583049 0.99994123434
25.587473717 0.99994123434
25.61371979 0.99994123434
25.661867054 0.99994123434
25.691709191 0.99994123434
25.728904635 0.99994123434
25.758695768 0.99994123434
25.779353563 0.99994123434
25.817754571 0.99994123434
25.859350741 0.99994123434
25.963770204 0.99994123434
25.982677828 0.99994123434
26.008004159 0.99994123434
26.030919471 0.99994123434
26.07115686 0.99994123434
26.095018554 0.99994123434
26.127563646 0.99994123434
26.152581401 0.99994123434
26.178147654 0.99994123434
26.19887951 0.99994123434
26.236879093 0.99994123434
26.286111025 0.99994123434
26.291468753 0.99994123434
26.354077584 0.99994123434
26.397714919 0.99994123434
26.435843145 0.99994123434
26.459649051 0.99994123434
26.484579471 0.99994123434
26.528409538 0.99994123434
26.543129116 0.99994123434
26.553376324 0.99994123434
26.57984001 0.99994123434
26.614982292 0.99994123434
26.624944451 0.99994123434
26.638029316 0.99994123434
26.663165435 0.99994123434
26.703615074 0.99994123434
26.714452572 0.99994123434
26.804798374 0.99994123434
26.826390753 0.99994123434
26.841785197 0.99994123434
26.892437106 0.99994123434
26.951354041 0.99994123434
26.960847809 0.99994123434
27.104195539 0.99994123434
27.126322854 0.99994123434
27.151302686 0.99994123434
27.264235617 0.99994123434
27.444712754 0.99994123434
27.466857415 0.99994123434
27.482559589 0.99994123434
27.493019371 0.99994123434
27.53112726 0.99994123434
27.585335389 0.99994123434
27.605114732 0.994277918284
27.654730292 0.994277918284
27.699624117 0.994277918284
27.720153021 0.994277918284
27.732799799 0.994277918284
27.777115114 0.994277918284
27.811327436 0.994277918284
27.894942898 0.994277918284
27.927086136 0.994277918284
27.971710273 0.994277918284
27.983570538 0.994277918284
28.034269949 0.994277918284
28.049836268 0.994277918284
28.084547174 0.994277918284
28.134751139 0.994277918284
28.148871571 0.994277918284
28.183067722 0.994277918284
28.189052254 0.994277918284
28.232404703 0.994277918284
28.255253257 0.994277918284
28.441802115 0.994277918284
28.466478055 0.994277918284
28.510086845 0.994277918284
28.539585632 0.994277918284
28.588587989 0.994277918284
28.63921615 0.994277918284
28.662787168 0.994277918284
28.824748183 0.994277918284
28.888929368 0.994277918284
28.917292802 0.994277918284
28.965159707 0.994277918284
29.004345727 0.994277918284
29.028326901 0.994277918284
29.055380771 0.994277918284
29.154161845 0.994277918284
29.234189999 0.994277918284
29.310082065 0.994277918284
29.342006465 0.994277918284
29.402687549 0.994277918284
29.434352416 0.994277918284
29.450659444 0.994277918284
29.466979942 0.994277918284
29.502833206 0.994277918284
29.556006312 0.994277918284
29.571723486 0.994277918284
29.604704613 0.994277918284
29.646949485 0.994277918284
29.671353437 0.994277918284
29.821946548 0.994277918284
29.881566846 0.994277918284
29.948690098 0.994277918284
30.007359486 0.994277918284
30.055912393 0.994277918284
30.161764496 0.994277918284
30.196748511 0.994277918284
30.232331635 0.994277918284
30.271297032 0.994277918284
30.307208181 0.994277918284
30.338090094 0.994277918284
30.389365846 0.994277918284
30.424511744 0.994277918284
30.456301918 0.994277918284
30.489138295 0.994277918284
30.547897032 0.994277918284
30.563716061 0.994277918284
30.616540939 0.994277918284
30.644016877 0.994277918284
30.666503231 0.994277918284
30.704076719 0.994277918284
30.737693129 0.994277918284
30.789689837 0.994277918284
30.821891415 0.994277918284
30.838679314 0.958277676332
30.886200262 0.962161726168
30.923324882 0.960177624412
30.964308046 0.962652019355
30.997021216 0.960121501558
31.070496775 0.960156584151
31.150598257 0.923624800395
31.212395975 0.921959967168
31.30999654 0.995600857521
31.411904692 0.99620992235
31.547314744 0.98637492276
31.602313257 0.977506389899
31.668780636 0.962411270776
31.730536296 0.974422513618
31.753195874 0.963662088263
31.83647498 0.976042758227
31.846145236 0.979331739087
31.885315494 0.975444318761
31.896713909 0.967943537564
31.944885761 0.99970277216
31.966117316 0.996761395397
32.089494587 0.998991450222
32.122789501 0.998112350153
32.169297804 0.999693144896
32.188769802 0.999199694223
32.267479884 0.996408598511
32.290056344 0.997423488168
32.320784276 0.991297998837
32.355296889 0.994658857618
32.395847869 0.994280358105
32.465144161 0.991643663598
32.513995638 0.998532990142
32.546272816 0.998906350025
32.638503497 0.999293417221
32.704340026 0.999550565786
32.772046532 0.999204535218
32.844166063 0.997066914353
32.915036138 0.999483721989
32.984834712 0.998967141774
33.123945013 0.998576935024
33.17426143 0.997977137611
33.248211218 0.99771305182
33.269741658 0.995230126607
33.329876706 0.99554473636
33.400558656 0.997249024336
33.4395241 0.998830179207
33.470707728 0.998638391169
33.539043713 0.999060217308
33.580107696 0.999739729859
33.601644187 0.996434938251
33.66682581 0.996464477487
33.717916904 0.99677862669
33.742825333 0.995116755012
33.79693894 0.99857302864
33.839852829 0.998906623477
33.874275904 0.998978731202
33.909185524 0.9991435957
33.9422468 0.998566887543
33.97637288 0.999114694736
34.04238139 0.99996907967
34.119099056 0.999989439649
34.179895766 0.999392121978
34.264210793 0.999080497001
34.310036152 0.998782915364
34.380663905 0.998666678577
34.438545516 0.998950217455
34.463068407 0.997832633887
34.508188585 0.999250757771
34.545926381 0.995939216159
34.582229237 0.997432247651
34.610416157 0.996656292321
34.686867195 0.998893400886
34.783808928 0.998830526162
34.823377058 0.997451507095
34.854367478 0.997488521217
34.881878272 0.999317216659
34.919360935 0.999480962976
34.94927272 0.998563670821
35.003351617 0.99723608622
35.0091306 0.996731341512
35.071826328 0.9985224478
35.137471874 0.99797378501
35.174717763 0.998367235689
35.223231988 0.999861054499
35.314097039 0.99926536769
35.473084344 0.998996830841
35.585687727 0.99717500479
35.684214754 0.998953600705
35.721369597 0.999124587606
35.744707669 0.996638734782
35.787156199 0.999222173162
35.811011742 0.996584003306
35.859067338 0.999723353387
35.888906614 0.994282051138
35.934284798 0.998323330568
36.065317112 0.99927285102
36.099910974 0.996825070334
36.134357255 0.999605980737
36.165498517 0.998583298594
36.200371523 0.999700611516
36.272433742 0.998323720397
36.308192674 0.998672086919
36.381507845 0.998548697977
36.423945753 0.998890909393
36.498044333 0.999997814654
36.529290397 0.999857829737
36.59771717 0.999785963935
36.674315427 0.998379639769
36.751717466 0.99873171527
36.820660251 0.999431374817
36.88745202 0.999919808821
37.018592902 0.997966573369
37.076309402 0.999987039194
37.099136887 0.9950203519
37.148512097 0.998328529074
37.173895131 0.996987851543
37.214577712 0.999483559387
37.243707244 0.997551242246
37.280694418 0.999049742697
37.304243333 0.999163611004
37.340488532 0.999388115346
37.376143731 0.999788643576
37.511652681 0.999732823068
37.540239452 0.989269390181
37.56594776 0.992456470477
37.611215447 0.986823296054
37.650760655 0.991663011104
37.659253011 0.991663011104
37.690105708 0.991663011104
37.713961637 0.991663011104
37.751916451 0.985922210421
37.775918421 0.975524404026
37.799980809 0.972386973131
37.843487798 0.97902173158
37.890328634 0.986190335341
37.931830845 0.987060133085
37.959862191 0.987060133085
37.997245322 0.987820499939
38.031421571 0.987954076648
38.074401834 0.987954076648
38.095170986 0.987954076648
38.133167677 0.987954076648
38.150463308 0.988049574997
38.190137319 0.988049574997
38.219517588 0.988238571943
38.260238935 0.999256676021
38.292302424 0.99975618387
38.329964691 0.99947472929
38.349801652 0.99912354017
38.377924316 0.995972464218
38.424802821 0.994509257712
38.461951729 0.996812577276
38.487207784 0.998703365053
38.529905018 0.997998334806
38.560306891 0.997515793512
38.593526272 0.996504917216
38.647679532 0.9854145329
38.708151526 0.980850009194
38.765952794 0.996526906681
38.835178458 0.997527561385
38.889146409 0.995366929413
38.956984677 0.993976312384
39.012531561 0.992833296094
39.062922219 0.99364553127
39.091820606 0.997969373765
39.108997672 0.993639593873
39.143947651 0.996113513942
39.174815349 0.990314926324
39.193645815 0.989853139864
39.231415304 0.984463301671
39.24747214 0.996759013749
39.27888277 0.989728933868
39.309604239 0.990992317358
39.361939828 0.985242106556
39.407679678 0.985905605559
39.445972251 0.989158699248
39.471735252 0.994469419723
39.506566339 0.988310582723
39.525330048 0.991041747689
39.559690471 0.984665922435
39.600418911 0.982107333851
39.631648424 0.983345389946
39.667571268 0.990840008146
39.700506109 0.997826469655
39.717834231 0.994454157186
39.750604732 0.997889225192
39.786254723 0.997999544587
39.821075119 0.996924644926
39.858014259 0.994497016932
39.895237584 0.994592666528
39.926009338 0.994725436463
39.99738321 0.998436816475
40.055200556 0.998453383698
40.117005628 0.995330583876
40.177488496 0.997168459984
40.236749842 0.9980570528
40.308658367 0.997439249697
40.377954864 0.994093468167
40.398213928 0.994449829687
40.424397191 0.999594445223
40.461470186 0.995903015045
40.499440366 0.997930796889
40.529714296 0.992864487961
40.563196305 0.996421392183
40.587130184 0.990863122992
40.610647605 0.998332617405
40.648370845 0.99498375979
40.669884886 0.997949617635
40.707444935 0.994391602607
40.73171867 0.996942335364
40.770160304 0.993389687314
40.802624102 0.996957775876
40.835890647 0.992509321726
40.886202603 0.990429925434
40.916097548 0.98801388626
40.955752774 0.987361190921
40.992418902 0.990909823664
41.016245893 0.989864100092
41.040816552 0.990493390232
41.072305506 0.990642104987
41.108402256 0.99639295463
41.143241068 0.996184158543
41.182846198 0.991838973086
41.206158984 0.996256818166
41.241659145 0.99215016562
41.26854083 0.995668367771
41.331868273 0.992571103025
41.389185225 0.99577217199
41.440682055 0.993406400856
41.514204108 0.992284155815
41.584022883 0.99449382399
41.653604973 0.995951375294
41.699151032 0.998082294596
41.786617267 0.996393584322
41.833732292 0.993028471538
41.848157702 0.996249302597
41.879363615 0.993702093234
41.913693126 0.995664320631
41.954393304 0.99575827723
41.965269201 0.995507111805
42.017913232 0.991265295683
42.029162695 0.995141238218
42.075676866 0.990855077211
42.106338521 0.9966850989
42.138294971 0.989690164815
42.192159106 0.993732597527
42.221489299 0.996860820134
42.255079447 0.996813245413
42.298791299 0.997799813524
42.30676949 0.997463485934
42.343703334 0.993828251931
42.374473705 0.997698408314
42.389222487 0.995601944249
42.427492363 0.995342341671
42.532974399 0.995731818384
42.554444294 0.996294820444
42.591305348 0.995712872306
42.607652848 0.996188777221
42.652232733 0.999047823176
42.690845415 0.99653383169
42.710763283 0.998054960731
42.725131136 0.99870610678
42.7692315 0.996675770488
42.797118933 0.998683939291
42.837240337 0.997197450961
42.847649213 0.99872464493
42.879019709 0.999328300564
42.916443277 0.998847879751
42.951913568 0.99864816268
42.97646386 0.989588608251
43.000366819 0.989588608251
43.034392373 0.986031605122
43.073724731 0.988657430723
43.104482279 0.986505888557
43.127625389 0.98406119857
43.164405098 0.983831319616
43.204925074 0.987923282104
43.223049193 0.987923282104
43.26591387 0.9871486422
43.284948275 0.9871486422
43.303255907 0.987984917306
43.421247525 0.984515362799
43.444467094 0.984515362799
43.477632575 0.977936207479
43.518472308 0.985003125918
43.562439679 0.986188567476
43.587589773 0.986188567476
43.645343115 0.991123979621
43.711913246 0.990389129693
43.74524452 0.985593156149
43.80011008 0.987310700107
43.88960397 0.99524123699
43.932139525 0.994503285937
43.951831795 0.998233459053
43.990606793 0.993960903751
44.019546196 0.994517990093
44.096312803 0.998977952923
44.152180053 0.997938972384
44.232979136 0.998220355157
44.246179044 0.998444188176
44.284399331 0.998444188176
44.360583507 0.999841809665
44.386932579 0.999064698961
44.476187146 0.998642893976
44.512681817 0.999803630343
44.547193074 0.999803630343
44.562653949 0.999822947951
44.60668878 0.999613179014
44.660967981 0.999135208339
44.691239401 0.999135208339
44.748858347 0.999660702945
44.784943716 0.999660702945
44.819047649 0.999660702945
44.826866609 0.999660702945
44.858141219 0.999660702945
44.907882103 0.999660702945
44.93675408 0.999660702945
44.96200836 0.999660702945
44.98950891 0.999660702945
45.027324886 0.999660702945
45.062078475 0.999660702945
45.103333114 0.999660702945
45.121200746 0.999660702945
45.161436821 0.999660702945
45.17670185 0.999660702945
45.229857691 0.999660702945
45.261856488 0.999660702945
45.28077134 0.999660702945
45.319842726 0.999660702945
45.355682823 0.999660702945
45.378414601 0.999660702945
45.428769244 0.999660702945
45.457842214 0.999660702945
45.476632132 0.999660702945
45.506222351 0.999660702945
45.536985164 0.999660702945
45.573515213 0.999660702945
45.608038753 0.999660702945
45.684954911 0.999660702945
45.749528135 0.999660702945
45.789957106 0.999660702945
45.858798937 0.999660702945
45.89388653 0.999660702945
45.995640695 0.999660702945
46.025640571 0.999660702945
46.061136636 0.999660702945
46.084341541 0.999660702945
46.126437508 0.999660702945
46.153631872 0.993991580178
46.228130163 0.992898960937
46.259549256 0.992898960937
46.28939682 0.991590740506
46.319925924 0.991590740506
46.345492823 0.991590740506
46.416906472 0.990874535876
46.4971927 0.987859322575
46.573590518 0.989563070285
46.642049526 0.997176261336
46.688007638 0.99719551517
46.747539234 0.990905647997
46.818704775 0.993505955892
46.884053506 0.991552978858
46.893040676 0.993804259061
47.00043113 0.990119033459
47.017192505 0.986563240702
47.090582199 0.992312433191
47.114717778 0.997703376984
47.172623963 0.995779633812
47.186765601 0.996181113442
47.223963254 0.990739452448
47.251332136 0.998415420844
47.285927347 0.991281012097
47.321542664 0.997127303462
47.372959995 0.998580842209
47.446926964 0.993622616643
47.460219721 0.996238560758
47.494302321 0.996294316643
47.536902036 0.995059499915
47.564612746 0.993529034505
47.620251569 0.994511095194
47.634487089 0.990676363878
47.665701151 0.994702203429
47.778969423 0.990727100015
47.954314132 0.996316520604
48.013439082 0.993173491269
48.156955353 0.992681056969
48.169110481 0.992681056969
48.221309652 0.992681056969
48.237538796 0.992681056969
48.298765491 0.992681056969
48.320131158 0.993853671607
48.345935431 0.993987920853
48.424295606 0.9929913946
48.47189174 0.997803136689
48.504351797 0.997803136689
48.5389957 0.997803136689
48.574270885 0.997803136689
48.614933782 0.997803136689
48.645891523 0.997803136689
48.686797837 0.995720856388
48.708615529 0.995720856388
48.733844686 0.99469962176
48.771768131 0.992155700787
48.809621634 0.990822460003
48.836844914 0.990851540734
48.870062944 0.99226894378
48.937528007 0.992163422965
48.993075346 0.993392770253
49.051810197 0.991629571322
49.098798237 0.990972689164
49.264631852 0.995104992277
49.334640622 0.99411496842
49.367338519 0.991347367517
49.415194889 0.992606807623
49.466510162 0.993167663513
49.497212166 0.993167663513
49.538612683 0.993730892543
49.566626231 0.993730892543
49.601913228 0.993730892543
49.647239673 0.989468318144
49.680413919 0.988142030415
49.721020015 0.988463073794
49.755957973 0.997039900705
49.780126226 0.996331262247
49.824067865 0.998236052653
49.849526279 0.997205232537
49.887733003 0.996316286617
49.910237279 0.9973863267
49.989069359 0.999901404774
50.021728453 0.999728117389
50.059687339 0.999881556242
50.091055308 0.999110784323
50.118810275 0.999206358704
50.236525866 0.998686507887
50.341186802 0.999965378234
50.399480598 0.999840765639
50.479503858 0.999965728244
50.518306251 0.999458861157
50.567239459 0.999004249295
50.581944077 0.999004249295
50.590244792 0.999004249295
50.622325089 0.999004249295
50.707801682 0.999004249295
50.741593788 0.999004249295
50.828686864 0.994711544227
50.845575985 0.998293360846
50.900653228 0.98987463537
50.974377381 0.990294858379
50.99311174 0.990376759689
51.020977482 0.990376759689
51.044644109 0.990489206149
51.065009669 0.990659435895
51.094727214 0.990659435895
51.130534944 0.990659435895
51.155760227 0.990659435895
51.19017594 0.99106410248
51.240229044 0.99106410248
51.297712426 0.996203267139
51.336340325 0.996203267139
51.378573954 0.996203267139
51.418034334 0.996203267139
51.458398453 0.996203267139
51.491455667 0.996203267139
51.54495449 0.996203267139
51.580116694 0.986850227616
51.629533589 0.989669426062
51.679336298 0.989669426062
51.705846665 0.989669426062
51.749167417 0.989669426062
51.782371891 0.989669426062
51.845628611 0.989669426062
51.875038765 0.989669426062
51.93402334 0.989669426062
52.017876839 0.994659208003
52.078563097 0.996208007906
52.138855719 0.998609142421
52.195642398 0.996497262734
52.255174893 0.997830481068
52.289443919 0.996470125505
52.331595612 0.994855674329
52.440044933 0.997221676762
52.475227836 0.998609142421
52.575906998 0.99953807074
52.644158036 0.995914276474
52.712476882 0.995914276474
52.74486582 0.995914276474
52.827125653 0.993403910582
53.042925287 0.993403910582
53.091204874 0.993403910582
53.267561231 0.993403910582
53.300918275 0.993403910582
53.406497948 0.993403910582
53.451502091 0.993403910582
53.484478068 0.993403910582
53.550514917 0.993403910582
53.579590994 0.993403910582
53.623221627 0.993403910582
53.65049309 0.993403910582
53.705201558 0.993403910582
53.770859674 0.993403910582
53.808441257 0.993403910582
53.844934624 0.993189810289
53.884210355 0.993189810289
53.916387882 0.993189810289
53.947991977 0.993189810289
54.013384916 0.993189810289
54.080373456 0.993189810289
54.115537763 0.993189810289
54.159584072 0.993189810289
54.229536647 0.993189810289
54.293050224 0.993189810289
54.337612826 0.993189810289
54.408119093 0.993189810289
54.449867422 0.993189810289
54.637931774 0.996324488182
54.77142909 0.997437469676
54.847312853 0.99743392894
54.919665138 0.994672277143
54.951339815 0.994672277143
54.987846081 0.994672277143
55.024187515 0.994057724359
55.05029096 0.994057724359
55.091409465 0.994057724359
55.123691668 0.994057724359
55.162396438 0.994057724359
55.178416115 0.994057724359
55.226332956 0.994057724359
55.318578741 0.994057724359
55.355224465 0.994057724359
55.396381337 0.994057724359
55.462710763 0.994057724359
55.510806596 0.994057724359
55.55690982 0.994057724359
55.678901636 0.994057724359
55.748464953 0.994057724359
55.804356978 0.994057724359
55.881192575 0.994057724359
55.940543111 0.993627614067
55.993155095 0.99976159503
56.089092048 0.997245723228
56.165616393 0.999566733874
56.211762769 0.999520406741
56.2385255 0.996930548161
56.284159324 0.999288216729
56.294143913 0.996610637031
56.345218284 0.999329449531
56.366076083 0.996637808152
56.435075111 0.997775173292
56.446788751 0.987845278267
56.509356125 0.994689609522
56.532380248 0.988476440944
56.609493269 0.99436574383
56.628294887 0.984261248903
56.648126174 0.992114788833
56.676413826 0.996261927212
56.770307861 0.989653205064
56.792318147 0.993708876573
56.851678334 0.991314539511
56.910394477 0.990028750134
56.935756098 0.99167007787
56.962924263 0.987191131834
57.016022849 0.989989288391
57.07518797 0.987349178649
57.094771194 0.987349178649
57.11861909 0.984610302089
57.190332789 0.983304089625
57.213266806 0.983304089625
57.259704172 0.983304089625
57.288155455 0.983304089625
57.295166795 0.98534864124
57.341898691 0.992118948832
57.399709388 0.992896206725
57.432184392 0.990518468492
57.478952075 0.990518468492
57.527422459 0.994595851175
57.559289144 0.995392212826
57.602008579 0.995392212826
57.632352784 0.996392562376
57.667704709 0.997800558979
57.687017711 0.997800558979
57.728072536 0.998174765473
57.760488641 0.998174765473
57.805061638 0.997976469306
57.86843234 0.997383077014
57.899453963 0.995431759279
57.95794423 0.995431759279
58.021503006 0.995431759279
58.102637006 0.993761691933
58.178993939 0.993277909904
58.266360047 0.993277909904
58.341783452 0.997200097517
58.39774274 0.997843698549
58.431004353 0.997853806775
58.472117355 0.996324944957
58.516334973 0.996200984306
58.554753464 0.994891755026
58.574845825 0.994891755026
58.598340114 0.994891755026
58.646401677 0.994891755026
58.680043674 0.994891755026
58.712756076 0.980258499796
58.736204803 0.989068294988
58.748098828 0.989068294988
58.758918096 0.989068294988
58.790304789 0.989068294988
58.805600511 0.989068294988
58.858630031 0.989068294988
58.868458408 0.989068294988
58.905273567 0.989068294988
58.971938416 0.989068294988
59.006347976 0.989068294988
59.034487312 0.986625645194
59.07463498 0.983400231199
59.120273589 0.983400231199
59.157841264 0.982946466164
59.202486162 0.986200835738
59.240409938 0.986200835738
59.288060604 0.986200835738
59.331059454 0.986200835738
59.377199131 0.986200835738
59.42061129 0.986200835738
59.432679145 0.986200835738
59.468506507 0.986200835738
59.5187467 0.986200835738
59.562429006 0.986200835738
59.59884175 0.986200835738
59.647346938 0.986200835738
59.682031538 0.986200835738
59.725563487 0.986200835738
59.764622193 0.986200835738
59.798448275 0.986200835738
59.821176296 0.986200835738
59.872698534 0.986200835738
59.903130455 0.986166109641
59.935918887 0.986126150766
59.975174835 0.986126150766
60.010797605 0.985069491073
60.04874476 0.985069491073
60.103471331 0.985069491073
60.115475082 0.985069491073
60.148667942 0.985069491073
60.20967405 0.985069491073
60.221444816 0.985069491073
60.244638507 0.985069491073
60.261716725 0.985069491073
60.374478583 0.975802098001
60.41838023 0.959310949244
60.545747858 0.935045006715
60.558914019 0.935045006715
60.580810201 0.935045006715
60.621365385 0.935045006715
60.628092079 0.935045006715
60.670789179 0.935045006715
60.721398772 0.935048767417
60.763095741 0.935048767417
60.809916692 0.935048767417
60.848972401 0.935048767417
60.88044506 0.96106553143
60.924792504 0.96106553143
60.964205843 0.964322427789
61.020029755 0.964322427789
61.038576756 0.964322427789
61.080996402 0.964322427789
61.10313874 0.964322427789
61.163544881 0.964322427789
61.227631754 0.964322427789
61.244884303 0.964322427789
61.269542822 0.964322427789
61.368259191 0.964322427789
61.406165877 0.964322427789
61.418089063 0.964322427789
61.462475511 0.964322427789
61.535204957 0.964322427789
61.605786235 0.964322427789
61.649495585 0.964322427789
61.716874693 0.964322427789
61.757173191 0.964322427789
61.791345418 0.964322427789
61.827311453 0.964322427789
61.865845401 0.964322427789
61.885207445 0.964322427789
61.921523031 0.964322427789
61.987073545 0.964322427789
62.032790662 0.964322427789
62.091926469 0.964322427789
62.167038794 0.964322427789
62.26509494 0.964322427789
62.290067242 0.964322427789
62.309445894 0.964322427789
62.359792248 0.964322427789
62.411206694 0.964322427789
62.446342348 0.964322427789
62.478413688 0.992118093962
62.534763133 0.993114402023
62.591018154 0.993798224554
62.640609643 0.993420614376
62.656188856 0.994354146058
62.703109557 0.994354146058
62.75955562 0.998523133007
62.797757723 0.998523133007
62.834357914 0.998623493134
62.873223539 0.973947711036
62.909363909 0.97121564535
62.95349699 0.968254215562
62.991974098 0.969640462556
63.040207274 0.978505572221
63.073356332 0.976261176871
63.124050864 0.973610077335
63.222220857 0.96887276187
63.251670804 0.957424658018
63.346745634 0.961389482769
63.419713004 0.965185091935
63.486440325 0.981499051982
63.584880206 0.983067918685
63.662926205 0.982088274871
63.805963901 0.976054392345
64.000239504 0.964755975577
64.136014741 0.942081933387
64.432240662 0.927256908064
64.573618141 0.907552366845
64.597434414 0.904218679724
64.644894468 0.910190943098
64.686063842 0.912670773014
64.718862695 0.912733137748
64.763307761 0.915398932004
64.812419781 0.922185973508
64.842783061 0.916570656974
64.864883261 0.927004958125
64.900784968 0.927282427254
64.9515158 0.927068193996
64.984595834 0.927068193996
65.018592863 0.926999311026
65.055457352 0.926999311026
65.075396427 0.926259016287
65.108846932 0.964075642746
65.148504606 0.966921339899
65.167463401 0.967373606926
65.19414329 0.97106995669
65.23615343 0.98659246725
65.253873095 0.985831827885
65.266248686 0.986450322237
65.303914613 0.988385943115
65.324497688 0.989131016804
65.362539032 0.989929493265
65.395120027 0.990113337055
65.421140311 0.990092495847
65.447641042 0.990450311543
65.46367951 0.99070127649
65.483770023 0.99165979068
65.518740901 0.991841596823
65.536400876 0.991947427493
65.563351495 0.991905615368
65.601505607 0.991871318032
65.64117425 0.991939881902
65.660163434 0.991887547176
65.694086254 0.991946450476
65.7535728 0.99194845476
65.798854684 0.99194845476
65.850109746 0.990260302637
65.870668834 0.990260302637
65.893515554 0.990260302637
65.941285239 0.993711467186
65.974280531 0.993711467186
66.01124616 0.992853412746
66.046425805 0.990152536031
66.059393714 0.990152536031
66.091724655 0.99373489389
66.125962193 0.99373489389
66.140525618 0.99373489389
66.191021699 0.992648779466
66.207746589 0.992648779466
66.235944764 0.992648779466
66.27313787 0.988004542759
66.306644509 0.988004542759
66.346624634 0.992626234583
66.386385523 0.987713142326
66.478356086 0.981116245839
66.521449474 0.989301840818
66.601072315 0.989452657863
66.639780723 0.988460543878
66.713681845 0.98808115733
66.777796257 0.990754697509
66.880246764 0.990681432919
66.940902082 0.990173875677
67.0330324 0.981494190344
67.101863943 0.983801643235
67.154941092 0.985026230849
67.25284662 0.983193454782
67.258211425 0.983193454782
67.360493305 0.979887694584
67.406808374 0.979725847136
67.4281673 0.987185552279
67.535415153 0.984866809665
67.585608592 0.991300185048
67.599948399 0.982806751414
67.628595012 0.982643024984
67.66793107 0.992039722564
67.705813828 0.992795592305
67.725555806 0.992818386688
67.757011429 0.99620548356
67.799338144 0.988987083831
67.836515246 0.993521482945
67.867178903 0.991019859628
67.9064389 0.992364668494
67.931691015 0.992004025073
67.987427114 0.99448603062
68.024152631 0.994091567107
68.057542517 0.991360716124
68.094669533 0.988753352147
68.102438786 0.988753352147
68.133320846 0.98902493539
68.17079286 0.987686855234
68.193191099 0.988244092534
68.24175635 0.987380407535
68.264517066 0.987503546084
68.277236884 0.987503546084
68.321939253 0.981366275008
68.360145351 0.98143867945
68.37898087 0.98143867945
68.419148072 0.98674935349
68.456523429 0.986777427223
68.472596634 0.986777427223
68.507945497 0.986272745193
68.54400001 0.986148315725
68.576329949 0.984700577041
68.608858327 0.984700577041
68.639222317 0.984848208217
68.666340318 0.983174658987
68.698891829 0.982898737484
68.727978343 0.982685339188
68.760784511 0.982747056074
68.818898682 0.977830596733
68.871563638 0.977830596733
68.926893731 0.98073942516
68.958099385 0.98073942516
68.986184542 0.979358232008
69.042564967 0.972851970624
69.063001846 0.969538255514
69.089782923 0.974287415592
69.103506886 0.977029990496
69.142201589 0.96881799493
69.168570858 0.963572130444
69.1851715 0.968555350913
69.209112405 0.968555350913
69.254292572 0.958012190992
69.283208059 0.964602080063
69.308136072 0.964274384836
69.337369851 0.959960551529
69.378929778 0.964635804793
69.409812718 0.966057542418
69.434470732 0.965772212941
69.482186106 0.96516989896
69.503017388 0.96516989896
69.529306684 0.957900635442
69.550679533 0.957012989144
69.564135957 0.953628291588
69.570778077 0.948667440864
69.585599945 0.947691354982
69.600546482 0.942944507839
69.613842287 0.939953399825
69.624573403 0.945179965981
69.633587999 0.940112996111
69.652019214 0.924720443847
69.655768684 0.923189949873
69.670839343 0.918046763533
69.698795459 0.918046763533
69.712648664 0.918046763533
69.735973445 0.918046763533
69.776799665 0.918046763533
69.797952864 0.918046763533
69.833487592 0.918046763533
69.842835379 0.918046763533
69.856263464 0.918046763533
69.864164298 0.918046763533
69.900484192 0.918046763533
69.956193374 0.918046763533
70.007220781 0.918046763533
70.063517146 0.926020496801
70.074700732 0.938836593501
70.110761732 0.939341125451
70.159976269 0.939341125451
70.237072442 0.944968078294
70.340381535 0.954436598826
70.347772797 0.954436598826
70.386523691 0.955340877876
70.419016338 0.955340877876
70.440751756 0.955340877876
70.513692721 0.956376257084
70.551132215 0.956376257084
70.57281194 0.956376257084
70.603992941 0.956816825001
70.643888643 0.955643107047
70.689873739 0.956311470463
70.713723986 0.958105305457
70.75022275 0.952002087813
70.776075142 0.952002087813
70.806429433 0.956984781228
70.826415786 0.957688116409
70.854787819 0.957688116409
70.89098269 0.954073956462
70.947482009 0.955463112896
70.984526716 0.951161613094
71.011051177 0.948533962286
71.056700968 0.948533962286
71.132614049 0.943672722011
71.149489631 0.927621661848
71.187362715 0.927621661848
71.218610066 0.927621661848
71.244653598 0.936910465733
71.281992446 0.936910465733
71.340569549 0.929082615381
71.388437299 0.929082615381
71.444313048 0.922008896831
71.497124835 0.922121758715
71.519090036 0.922121758715
71.544293725 0.916956712363
71.58203996 0.916956712363
71.647533966 0.914263043821
71.698526899 0.909085945224
71.728276443 0.913317017602
71.754246436 0.913317017602
71.800917224 0.910795334877
71.814847733 0.901248950962
71.853443352 0.897570916187
71.871461333 0.896804127697
71.946254707 0.895510895518
71.960578558 0.90595565951
71.997760587 0.910785236233
72.039439698 0.891815827518
72.050082784 0.891815827518
72.102003278 0.889461634073
72.154261234 0.873916471931
72.188326691 0.891939069864
72.210675158 0.883928528609
72.237206035 0.878765419455
72.321804321 0.891285911969
72.340902807 0.894744175518
72.37800814 0.911085807886
72.403976034 0.911085807886
72.428940635 0.911965487354
72.45568505 0.911965487354
72.510380532 0.915447078247
72.532038653 0.913297673426
72.566549543 0.922315306316
72.595062741 0.922315306316
72.61733234 0.918119865305
72.641973325 0.918119865305
72.670493162 0.929773423641
72.677829809 0.934182621695
72.711116007 0.934182621695
72.771456077 0.945192601772
72.794170909 0.945192601772
72.804863032 0.945192601772
72.833900449 0.939125903015
72.859738585 0.939125903015
72.874456518 0.944858579511
72.888228856 0.944858579511
72.91966353 0.944858579511
72.944745603 0.944858579511
72.961603891 0.944858579511
72.993299625 0.944858579511
73.059131377 0.944858579511
73.076485529 0.944858579511
73.112953379 0.944858579511
73.144460015 0.944858579511
73.205336702 0.944858579511
73.229247217 0.944858579511
73.251573812 0.94629668843
73.275096252 0.952398850078
73.3154 0.953904840297
73.344456619 0.953904840297
73.359781574 0.953904840297
73.39266539 0.953904840297
73.428409736 0.955163905513
73.477048176 0.955163905513
73.510698532 0.955163905513
73.548278987 0.956064736265
73.576127355 0.956764973552
73.608204928 0.956764973552
73.63597401 0.954423717243
73.675178143 0.954423717243
73.698363462 0.94766700661
73.747010946 0.94766700661
73.832059924 0.935658581571
73.902171064 0.943103486424
73.96253884 0.990333901468
74.004637964 0.980460131656
74.071902103 0.977939584294
74.115868757 0.9787857422
74.175376669 0.978630202183
74.220688637 0.971753943131
74.281090583 0.971465305026
74.336404603 0.975001365876
74.400073196 0.968022190567
74.443663022 0.966591913655
74.457530825 0.967353639196
74.503460191 0.960479288262
74.529901741 0.97244732248
74.551266656 0.966228734169
74.575363498 0.977165271717
74.597144211 0.971134008231
74.60780127 0.976744997374
74.649452183 0.979375543981
74.658652402 0.984619613058
74.687994562 0.979103162627
74.706361309 0.983826590978
74.724648915 0.980930344045
74.754593826 0.988760739191
74.777909194 0.983895170167
74.79755685 0.987274327698
74.806951982 0.983052132814
74.821486234 0.988244876711
74.855671221 0.98713376616
74.916641298 0.981793575252
74.931457263 0.989406268301
74.971273971 0.984596198762
75.016315103 0.979179617604
75.085044787 0.979666071127
75.1187132 0.976300098378
75.156479709 0.973919540117
75.208205162 0.969500159919
75.259375592 0.970549900414
75.285596865 0.967307987881
75.319175099 0.966602226687
75.37445326 0.954229688962
75.436268557 0.945752702372
75.471604145 0.950737325691
75.494162379 0.943369121134
75.525677937 0.941532294632
75.543825457 0.941426256023
75.564438474 0.951756550457
75.588190572 0.941576161823
75.600272572 0.952260733159
75.617150429 0.94212760985
75.638576761 0.946719406524
75.728535612 0.948463338431
75.766125506 0.948463338431
75.787124023 0.948463338431
75.802372736 0.948463338431
75.824172553 0.948463338431
75.85893046 0.948463338431
75.88888667 0.948463338431
75.907512961 0.948463338431
75.93301335 0.948463338431
75.964708635 0.948463338431
75.988886046 0.948463338431
76.009868008 0.948463338431
76.040899744 0.948463338431
76.066460128 0.948463338431
76.076238394 0.948463338431
76.090507954 0.948463338431
76.098688247 0.948463338431
76.139928214 0.948463338431
76.214451622 0.948463338431
76.273177708 0.952241783872
76.287519784 0.954432268372
76.310068819 0.954432268372
76.334984897 0.955550960615
76.361938487 0.956458371301
76.401088257 0.957199957214
76.436991107 0.957199957214
76.45980361 0.957199957214
76.493879257 0.957507318298
76.530466402 0.960238303264
76.555953914 0.960238303264
76.576309901 0.960175257616
76.601726662 0.960175257616
76.637725056 0.958986821045
76.652878225 0.95899378053
76.724823908 0.960100176612
76.735206821 0.960100176612
76.775839637 0.960100176612
76.805653032 0.960100176612
76.863722949 0.960100176612
76.891446056 0.97526079156
76.915674915 0.975568765714
76.954718014 0.975530188718
76.986993685 0.976109079764
77.01089975 0.975805534196
77.100403798 0.975360742404
77.164190315 0.974834375176
77.229695174 0.975899536353
77.276628703 0.976076645965
77.410099264 0.976631203821
77.483331 0.976477550761
77.566487781 0.976406125207
77.616357375 0.975804953065
77.699436287 0.97536565187
77.729031729 0.976693887514
77.752928532 0.975898984789
77.773356126 0.976710743489
77.801798262 0.976077136055
77.82954422 0.976700226761
77.862843328 0.975947372791
77.882106902 0.976681206739
77.899204285 0.976365308825
77.938516184 0.979200408916
77.991253694 0.985103795648
78.000502303 0.984249059807
78.038265407 0.985099401585
78.065413184 0.984872638392
78.088399452 0.985074504838
78.111980796 0.985133666208
78.133819761 0.98447895954
78.157910062 0.985385317683
78.215328549 0.984717411498
78.236885794 0.985382607604
78.260232369 0.984680389169
78.283075603 0.983708435837
78.294580863 0.983979671363
78.307293707 0.98205259754
78.343949426 0.982255814922
78.389766913 0.982104722062
78.423774495 0.98366775849
78.439306501 0.983717582679
78.451148533 0.98344453843
78.482396226 0.983020816484
78.538696934 0.982278149999
78.556920519 0.982620797466
78.573926278 0.983384482651
78.594733247 0.981400755619
78.686804603 0.982435432617
78.754863956 0.982043175779
78.788673486 0.98354938216
78.834672826 0.983195795683
78.888431737 0.981201368443
78.97235617 0.983445355222
79.112005571 0.983020816484
79.160656201 0.983020816484
79.206597204 0.983020816484
79.279774699 0.983020816484
79.321805431 0.983020816484
79.380100229 0.983020816484
79.414291909 0.983020816484
79.448258358 0.983020816484
79.479339626 0.983020816484
79.518295924 0.983020816484
79.553315289 0.983020816484
79.620922279 0.983020816484
79.630611404 0.983020816484
79.664237933 0.983020816484
79.778529071 0.983020816484
79.803937711 0.983020816484
79.836529616 0.983020816484
79.852758095 0.983020816484
79.884756892 0.983020816484
79.897508042 0.983020816484
79.922882279 0.983020816484
79.938365916 0.983020816484
79.960489986 0.983020816484
80.023733332 0.983020816484
80.075709127 0.983020816484
80.115221348 0.983020816484
80.162094445 0.983020816484
